evaluations raw_y x0 x1 x2 x3 x4 x5 x6 x7 x8 x9 x10 x11 x12 x13 x14 x15 x16 x17 x18 x19 x20 x21 x22 x23 x24 x25 x26 x27 x28 x29 x30 x31
1 -651.5363699011 0.228005 0.859479 -0.490180 0.232871 -0.303968 -0.799141 0.621228 0.850429 0.029476 -0.583346 0.889636 -0.128896 0.067108 -0.105900 -0.788773 -0.559347 0.674802 0.513275 -0.954950 -0.230976 -0.430566 0.607782 -0.292593 -0.362274 -0.825576 0.904458 0.531651 0.139053 -0.797761 0.905804 -0.875903 0.043770
4 -509.5244223017 0.138219 0.846910 -0.638005 0.393517 -0.428953 -0.862953 0.585445 0.808136 -0.041733 -0.479864 0.985628 -0.185530 0.034930 -0.038351 -0.756924 -0.572412 0.720005 0.525778 -1.000000 -0.233442 -0.376055 0.425954 -0.374010 -0.427415 -0.762737 0.949714 0.489161 0.169028 -0.806958 0.906254 -0.808575 -0.229854
5 -499.9499733799 0.317791 0.872048 -0.342354 0.072225 -0.178984 -0.735329 0.657011 0.892723 0.100685 -0.686828 0.793644 -0.072261 0.099285 -0.173449 -0.820622 -0.546282 0.629599 0.500773 -0.889217 -0.228510 -0.485076 0.789609 -0.211175 -0.297133 -0.888414 0.859202 0.574141 0.109078 -0.788563 0.905353 -0.943231 0.317395
15 -453.8641199758 0.202436 0.823363 -0.615258 0.389269 -0.419585 -0.784114 0.565921 0.652824 -0.004221 -0.528835 1.000000 -0.411990 0.080121 -0.068474 -0.776559 -0.646467 0.760202 0.520332 -0.954356 -0.174281 -0.491907 0.413224 -0.393182 -0.320754 -0.895033 0.826601 0.490187 0.130776 -0.903737 1.000000 -0.848073 -0.271796
35 -422.4060759475 0.224708 0.760074 -0.615254 0.404316 -0.472100 -0.747852 0.631689 0.570035 0.139194 -0.427579 0.974195 -0.387558 -0.030126 -0.146198 -0.742267 -0.607192 0.702125 0.538200 -1.000000 -0.328392 -0.525740 0.425232 -0.373479 -0.310393 -0.719328 0.788976 0.515051 0.177014 -0.885303 1.000000 -0.874906 -0.186398
47 -419.4937400727 0.308456 0.754891 -0.624281 0.426162 -0.531963 -0.631734 0.566710 0.347999 -0.047101 -0.560915 0.986639 -0.455326 -0.020161 -0.259215 -0.710750 -0.491025 0.738429 0.390817 -0.898954 -0.442167 -0.492697 0.445027 -0.431383 -0.226092 -0.824386 0.714845 0.527611 0.249939 -0.796371 1.000000 -0.877101 -0.274524
57 -403.6039918352 0.183857 0.822575 -0.789093 0.504326 -0.394909 -0.546278 0.482463 0.470344 0.108741 -0.547251 0.904268 -0.319977 0.205772 -0.366222 -0.648612 -0.580950 0.751197 0.583517 -0.768914 -0.279997 -0.604831 0.433771 -0.482429 -0.352000 -0.842103 0.732435 0.430506 0.313167 -0.730329 0.817003 -0.627983 -0.233219
73 -370.5708751397 0.227083 0.732543 -0.809003 0.624671 -0.437352 -0.588949 0.543882 0.403814 0.244195 -0.662942 0.939244 -0.306638 0.104325 -0.412798 -0.461737 -0.705677 0.809958 0.677591 -0.924426 -0.379174 -0.479826 0.375861 -0.300013 -0.149755 -0.938029 0.586173 0.520767 0.302350 -0.745039 0.758152 -0.704069 -0.053314
115 -368.5712701097 0.190951 0.785159 -0.932886 0.654675 -0.304917 -0.480622 0.512816 0.568708 0.258542 -0.540591 0.667320 -0.472414 0.162232 -0.381906 -0.289443 -0.653524 0.884267 0.964508 -1.000000 -0.339173 -0.648451 0.389937 -0.200979 -0.113579 -0.887706 0.639929 0.416967 0.381426 -0.711666 0.641569 -0.849565 -0.134924
152 -345.4322672304 0.029306 0.602576 -1.000000 0.590318 -0.402242 -0.402906 0.589723 0.422108 0.266655 -0.461961 0.765306 -0.546241 0.141235 -0.293399 -0.396507 -0.646400 0.974812 1.000000 -0.977507 -0.472795 -0.639068 0.375802 -0.260614 -0.143831 -0.661000 0.925401 0.405684 0.349113 -0.635449 0.819345 -0.936023 -0.181637
168 -326.3879112378 0.007445 0.459392 -0.946127 0.617629 -0.372155 -0.368292 0.526050 0.273797 0.424750 -0.622788 0.745028 -0.722325 0.270491 -0.112798 -0.266648 -0.320617 0.965283 0.793159 -1.000000 -0.496335 -0.620609 0.515098 -0.321994 -0.115655 -0.539939 0.942098 0.467453 -0.023328 -0.834622 0.661325 -1.000000 -0.121012
222 -305.4473739476 0.130791 0.395938 -0.927757 0.744939 -0.346442 -0.433813 0.539061 0.516890 0.354631 -0.544026 0.841066 -0.825444 0.183128 -0.065586 -0.263877 -0.287222 0.811642 0.622402 -0.895895 -0.512508 -0.713747 0.632857 -0.257096 -0.207926 -0.540818 1.000000 0.514793 -0.164122 -0.998999 0.712952 -0.884233 -0.004665
235 -282.7165337522 0.110349 0.300004 -1.000000 0.739000 -0.401292 -0.427920 0.490032 0.357886 0.407515 -0.493369 0.858245 -0.863104 0.018939 0.074753 -0.249459 -0.310351 0.972672 0.620429 -0.840775 -0.532437 -0.488528 0.551476 -0.324494 -0.389716 -0.454409 1.000000 0.500697 -0.100507 -1.000000 0.681112 -1.000000 -0.081296
519 -281.6642274983 0.058539 0.332321 -0.843267 0.717082 -0.347423 -0.527954 0.566882 0.311729 0.369838 -0.476716 0.825568 -0.717120 0.032729 0.115051 -0.288586 -0.248131 0.952416 0.567405 -0.943674 -0.470692 -0.537779 0.463990 -0.408239 -0.506123 -0.359692 1.000000 0.429371 -0.121324 -1.000000 0.680735 -0.990219 0.003917
1055 -261.5230625078 0.065188 0.331821 -0.966200 0.786096 -0.334583 -0.439884 0.611657 0.299000 0.373554 -0.576626 0.823336 -0.526593 0.056203 0.039574 -0.294744 -0.439602 0.833256 0.486721 -0.899470 -0.457137 -0.563090 0.416263 -0.498397 -0.460873 -0.405042 1.000000 0.552949 -0.149782 -0.971548 0.582502 -1.000000 -0.137863
3748 -261.3115802885 0.023881 0.261812 -1.000000 0.598026 -0.309407 -0.520113 0.599598 0.312073 0.440690 -0.540915 0.807706 -0.454281 -0.147649 0.062287 -0.241943 -0.296707 0.868612 0.484742 -0.849537 -0.488497 -0.605729 0.488077 -0.537472 -0.495765 -0.336605 0.949883 0.678459 -0.274804 -1.000000 0.690154 -0.953730 -0.101812
3895 -254.9051011089 0.020648 0.203682 -1.000000 0.657765 -0.351779 -0.484495 0.663365 0.306340 0.490024 -0.632726 0.907713 -0.439770 -0.085654 0.027927 -0.253026 -0.320967 0.881817 0.429417 -0.865660 -0.477818 -0.628249 0.522992 -0.568223 -0.490601 -0.301599 0.919834 0.776229 -0.205528 -0.964347 0.652012 -1.000000 -0.095785
7388 -247.8226205062 -0.045973 0.234275 -1.000000 0.635654 -0.386062 -0.582025 0.499345 0.293393 0.489062 -0.706994 0.819603 -0.453536 -0.085215 0.053145 -0.283985 -0.288082 0.835154 0.532729 -0.858139 -0.532815 -0.533636 0.508491 -0.614171 -0.579514 -0.340172 0.954645 0.811099 -0.155001 -0.897541 0.634600 -0.991837 -0.254265
7448 -223.9630521977 0.050057 0.097269 -0.969669 0.643660 -0.358575 -0.680247 0.399446 0.354130 0.541140 -0.784103 0.796277 -0.500355 -0.125417 0.014262 -0.369641 -0.283004 0.657488 0.668196 -0.738627 -0.569555 -0.522970 0.474660 -0.723268 -0.545070 -0.402292 1.000000 0.829771 -0.208414 -0.827227 0.667365 -0.918502 -0.282583
39999 -572.6252922886 0.112352 0.145940 -0.989872 0.682985 -0.316240 -0.702747 0.383789 0.314998 0.597223 -0.767923 0.766097 -0.538351 -0.205736 0.135357 -0.532155 -0.240015 0.715816 0.607826 -0.873467 -0.551878 -0.542660 0.563530 -0.748202 -0.544504 -0.294799 0.981740 0.888593 -0.216959 -0.883573 0.710588 -0.992904 -0.308106
