evaluations raw_y x0 x1 x2 x3 x4 x5 x6 x7 x8 x9 x10 x11 x12 x13 x14 x15 x16 x17 x18 x19 x20 x21 x22 x23 x24 x25 x26 x27 x28 x29 x30 x31
1 -154.0194536023 -0.255544 -0.532360 -0.302494 -0.226004 0.892010 0.731843 0.655059 0.080045 -0.457521 0.497438 -0.051120 -0.224188 -0.148517 -0.830827 -0.412912 -0.537811 -0.042776 -0.870748 0.162587 -0.865530 0.929901 -0.779419 -0.081881 -0.088818 0.961015 0.826967 -0.931725 0.907405 -0.045959 0.395487 -0.437233 -0.250862
2 -147.5877600191 -0.195436 -0.401258 -0.348370 -0.252073 0.893008 0.652632 0.525139 -0.150608 -0.569373 0.404887 0.045329 -0.121001 -0.106383 -0.937451 -0.195742 -0.483649 -0.043429 -0.745162 0.125056 -0.757220 1.000000 -0.465555 0.112335 -0.085395 1.000000 0.898838 -0.991344 0.729665 -0.088925 0.522162 -0.509184 -0.174301
4 7.3705994224 -0.147823 -0.653929 -0.503396 -0.168066 0.953254 0.635384 0.579565 -0.344116 -0.569521 0.507647 0.116152 -0.074039 -0.283191 -1.000000 -0.053161 -0.482058 0.022904 -0.612805 0.181593 -0.806481 0.888197 -0.481224 0.217397 -0.144585 0.999841 0.888680 -1.000000 0.663344 -0.094885 0.569564 -0.547842 -0.293859
24 21.6682023128 -0.110947 -0.642272 -0.358297 -0.085649 0.877550 0.597121 0.632249 -0.311341 -0.359816 0.440016 0.192998 -0.038546 -0.294990 -1.000000 -0.098670 -0.379894 0.062747 -0.701947 0.242337 -0.916917 0.769690 -0.241297 0.007073 -0.139752 0.817356 0.932276 -0.945517 0.826742 -0.155919 0.632887 -0.632555 -0.486144
95 24.6429807032 -0.080869 -0.610454 -0.498177 0.032695 0.895759 0.594089 0.622615 -0.351670 -0.349405 0.489091 0.265193 -0.035178 -0.262237 -1.000000 -0.185183 -0.344072 0.100891 -0.564185 0.169901 -0.890851 0.800678 -0.262806 -0.015798 -0.092319 0.789891 0.937040 -0.952798 0.873847 -0.156213 0.658746 -0.679096 -0.576733
103 45.6093659820 -0.121737 -0.647462 -0.406030 -0.020603 0.937035 0.615622 0.601202 -0.433849 -0.355902 0.414937 0.218138 0.040484 -0.266337 -0.991276 -0.114903 -0.320939 0.138142 -0.587063 0.121036 -0.898539 0.826503 -0.272781 -0.023014 -0.047557 0.802998 0.999652 -0.957661 0.852870 -0.147435 0.666265 -0.655054 -0.595257
445 54.1219126819 -0.116925 -0.652428 -0.404159 -0.016130 0.938701 0.616763 0.600867 -0.431235 -0.357814 0.416380 0.219997 0.040734 -0.265764 -0.991826 -0.116297 -0.322741 0.139432 -0.585330 0.121056 -0.900503 0.832129 -0.273896 -0.020155 -0.053506 0.800284 1.000000 -0.960092 0.852164 -0.139485 0.666491 -0.659309 -0.597843
820 96.0072693404 -0.116930 -0.652220 -0.404397 -0.016419 0.938819 0.616730 0.601001 -0.430988 -0.357906 0.416389 0.220013 0.040796 -0.265864 -0.991646 -0.116074 -0.322576 0.139510 -0.585387 0.121212 -0.900339 0.832101 -0.273961 -0.019944 -0.053453 0.800257 0.999830 -0.960193 0.851976 -0.139479 0.666592 -0.659455 -0.597852
1000 -177.2214732900 -0.116986 -0.652213 -0.404381 -0.016408 0.938774 0.616703 0.600944 -0.431037 -0.357968 0.416374 0.220014 0.040805 -0.265818 -0.991677 -0.116062 -0.322618 0.139504 -0.585426 0.121255 -0.900248 0.832122 -0.274037 -0.019905 -0.053468 0.800257 0.999878 -0.960214 0.851968 -0.139479 0.666602 -0.659479 -0.597849
