evaluations raw_y x0 x1 x2 x3 x4 x5 x6 x7 x8 x9 x10 x11 x12 x13 x14 x15 x16 x17 x18 x19 x20 x21 x22 x23 x24 x25 x26 x27 x28 x29 x30 x31
1 -517.5137884654 -0.173290 -0.914534 0.466464 0.200286 -0.887537 -0.210557 -0.022418 0.662171 -0.670442 0.736846 0.300251 0.799856 0.315401 0.275149 -0.563143 0.217696 0.253832 -0.424633 -0.750603 0.930970 -0.654280 0.650830 0.907920 -0.554778 0.207100 -0.991402 -0.658095 0.984697 -0.251876 -0.492730 -0.729600 0.530012
2 -475.8009543466 -0.130058 -0.970821 0.675267 0.380806 -0.759616 -0.283786 -0.131595 0.719951 -0.655235 0.723618 0.382202 0.889085 0.470498 0.167800 -0.588256 0.248857 0.221719 -0.282828 -0.818316 1.000000 -0.588820 0.714406 0.814818 -0.522757 0.009336 -0.980162 -0.621475 0.929836 -0.236585 -0.518952 -0.555766 0.309458
5 -392.1293579121 -0.113338 -1.000000 0.734485 0.412126 -0.743715 -0.420732 -0.139762 0.516318 -0.531999 0.755420 0.325211 0.871553 0.576199 0.367063 -0.348707 0.316935 0.285374 -0.262610 -0.936973 1.000000 -0.414322 0.757654 0.921262 -0.380342 -0.189680 -1.000000 -0.641908 0.906963 -0.288286 -0.400543 -0.586668 0.456502
35 -352.5735835474 -0.078428 -1.000000 0.689586 0.317416 -0.714243 -0.475429 -0.263144 0.375731 -0.572198 0.795178 0.301261 0.839438 0.485584 0.340853 -0.340632 0.386699 0.357743 -0.336202 -0.936074 1.000000 -0.304339 0.746828 1.000000 -0.388397 -0.301032 -1.000000 -0.622978 0.895420 -0.425040 -0.372818 -0.633868 0.433111
76 -284.5990486609 -0.076400 -0.935081 0.700929 0.266650 -0.714035 -0.491769 -0.247362 0.436309 -0.607650 0.784022 0.246750 0.900993 0.562612 0.351296 -0.333974 0.360666 0.425095 -0.313467 -0.914606 0.939038 -0.348811 0.847878 1.000000 -0.374176 -0.232757 -0.957685 -0.527912 0.872616 -0.482053 -0.391137 -0.602192 0.442594
96 -284.0972108192 -0.097210 -0.949489 0.724451 0.316779 -0.629793 -0.488830 -0.273220 0.381481 -0.629413 0.757516 0.222755 0.885619 0.587253 0.395008 -0.308156 0.343070 0.467341 -0.273614 -0.866121 1.000000 -0.368638 0.977990 1.000000 -0.313134 -0.133495 -0.924032 -0.467668 0.874831 -0.581287 -0.447665 -0.551275 0.490207
244 -271.0952938333 -0.102077 -0.938189 0.749653 0.341173 -0.644756 -0.516225 -0.291114 0.409858 -0.642513 0.771589 0.207707 0.890519 0.587620 0.390652 -0.297380 0.346380 0.465054 -0.281569 -0.852291 1.000000 -0.372859 1.000000 0.983076 -0.301360 -0.130702 -0.934334 -0.483512 0.878117 -0.601375 -0.429026 -0.556155 0.466500
738 -252.2701477807 -0.101902 -0.938632 0.749187 0.341107 -0.644800 -0.516168 -0.291151 0.409911 -0.642019 0.771475 0.207711 0.890208 0.587510 0.390878 -0.297749 0.346522 0.464961 -0.281837 -0.852312 1.000000 -0.373126 1.000000 0.983500 -0.301168 -0.130806 -0.934303 -0.483660 0.877930 -0.601572 -0.429130 -0.556124 0.466018
1000 -598.0381547617 -0.101853 -0.938665 0.749212 0.341100 -0.644848 -0.516144 -0.291203 0.409927 -0.642048 0.771435 0.207714 0.890207 0.587488 0.390915 -0.297787 0.346571 0.464950 -0.281991 -0.852314 1.000000 -0.373164 0.999989 0.983479 -0.301107 -0.130840 -0.934262 -0.483689 0.877929 -0.601548 -0.429158 -0.556084 0.466083
