evaluations raw_y x0 x1 x2 x3 x4 x5 x6 x7 x8 x9 x10 x11 x12 x13 x14 x15 x16 x17 x18 x19 x20 x21 x22 x23 x24 x25 x26 x27 x28 x29 x30 x31
1 -236.9174310261 0.204497 0.230931 -0.322882 -0.053318 -0.483824 0.291276 -0.815785 -0.389502 0.619884 0.632056 -0.044952 0.375081 0.055244 0.821884 0.302190 0.888342 -0.703258 -0.542807 -0.037233 0.101471 -0.882533 -0.096864 0.720634 0.382282 0.261324 -0.771266 0.623599 0.822513 0.347992 0.997630 0.152298 -0.022798
14 -185.9689492434 0.393033 0.322152 -0.351029 -0.087849 -0.527709 0.176152 -0.777958 -0.325439 0.523155 0.785354 -0.088243 0.418210 0.103714 0.820595 0.314371 0.817837 -0.678580 -0.588054 -0.104445 0.050407 -0.876339 -0.106896 0.724448 0.376569 0.094075 -0.708134 0.575269 0.850665 0.444390 1.000000 0.182493 0.064948
16 -152.1257255850 0.393033 0.322152 -0.351029 -0.087849 -0.527709 0.176152 -0.777958 -0.325439 0.523155 0.785354 -0.088243 0.418210 0.103714 0.820595 0.314371 0.817837 -0.678580 -0.588054 -0.104445 0.050407 -0.876339 -0.106896 0.724448 0.376569 0.094075 -0.708134 0.575269 0.850665 0.444390 1.000000 0.182493 0.064948
18 -17.3939817345 0.423937 0.321022 -0.360507 -0.023854 -0.517192 0.247141 -0.818735 -0.250462 0.513143 0.782323 -0.094834 0.465548 0.205581 0.850147 0.330836 0.892432 -0.692791 -0.599378 -0.173394 0.085610 -0.902368 -0.039765 0.749637 0.358065 0.001964 -0.669791 0.653743 0.849897 0.422132 1.000000 0.220823 0.200673
38 -1.2401025249 0.443681 0.363179 -0.369425 0.036241 -0.633603 0.205675 -0.780599 -0.298439 0.572272 0.805752 -0.245837 0.474898 0.239055 0.773164 0.281998 0.844605 -0.628960 -0.548763 -0.193155 0.023629 -0.918736 -0.074399 0.826882 0.371112 -0.004758 -0.727199 0.686891 0.843482 0.393785 1.000000 0.246536 0.173919
59 31.4418597856 0.504377 0.313773 -0.468855 0.085352 -0.463456 0.099874 -0.737861 -0.124241 0.447092 0.875095 -0.159567 0.367397 0.276439 0.852325 0.222573 0.808152 -0.686835 -0.722138 -0.226112 0.106805 -0.828663 -0.116708 0.669417 0.506962 -0.188253 -0.429139 0.627155 0.917276 0.475375 1.000000 0.264694 0.243294
361 202.2205525380 0.423375 0.369569 -0.546400 0.119746 -0.416587 0.116455 -0.745588 -0.069646 0.451109 0.860325 -0.185356 0.395112 0.221773 0.825560 0.137616 0.802726 -0.730316 -0.652673 -0.207880 0.139728 -0.816449 -0.139256 0.680411 0.593712 -0.207791 -0.380797 0.673151 0.847507 0.464760 0.978019 0.268952 0.162689
449 217.3842974746 0.364233 0.273205 -0.483681 0.082566 -0.432505 0.083159 -0.739313 0.000705 0.457099 0.979996 -0.181206 0.571344 0.257229 0.778692 0.050852 0.828663 -0.760812 -0.637560 -0.034415 0.065841 -0.784872 -0.073865 0.658539 0.746504 -0.231275 -0.433892 0.615092 0.845114 0.602412 0.950935 0.183639 0.144203
523 227.8752736539 0.376243 0.320024 -0.586972 0.049362 -0.471839 0.018792 -0.764897 -0.079132 0.542709 0.983083 -0.233264 0.578643 0.267795 0.774492 0.026054 0.898825 -0.786199 -0.686008 0.020294 0.097271 -0.744959 -0.051516 0.689118 0.769644 -0.205243 -0.458671 0.591961 0.842024 0.610291 0.973625 0.143957 0.148194
598 229.2088579733 0.328816 0.269155 -0.627756 0.015174 -0.526458 0.016397 -0.728744 0.013761 0.481126 0.984246 -0.289786 0.580286 0.341702 0.794877 0.089084 0.947107 -0.766727 -0.787159 0.037888 0.160594 -0.808237 -0.076491 0.712759 0.822653 -0.200800 -0.439139 0.634941 0.815725 0.562815 0.910751 0.083202 0.059724
663 251.3359662476 0.487958 0.296590 -0.582909 -0.018141 -0.440897 -0.062355 -0.676988 -0.090399 0.571887 1.000000 -0.194536 0.646843 0.329756 0.791299 -0.000197 0.968054 -0.803105 -0.735343 -0.020843 0.208192 -0.809585 -0.210262 0.790376 0.785370 -0.148433 -0.436415 0.552873 0.924497 0.575971 0.936512 0.127214 0.048645
1137 251.7770641537 0.340713 0.397214 -0.608567 0.060968 -0.387459 0.024713 -0.831579 -0.037612 0.539655 0.956046 -0.325879 0.595731 0.385083 0.677247 0.039508 0.911541 -0.677896 -0.705561 0.028887 0.119536 -0.716759 -0.143630 0.610848 0.795679 -0.179888 -0.515915 0.587858 0.884714 0.483431 0.864214 0.249096 0.102548
1469 261.6747807683 0.387906 0.301729 -0.629044 -0.019581 -0.490229 0.031596 -0.742221 -0.008127 0.565433 0.912664 -0.283865 0.578883 0.248603 0.722922 0.093624 0.863579 -0.797089 -0.702513 0.033149 0.045115 -0.642089 0.018308 0.686925 0.750467 -0.116751 -0.458258 0.606274 0.917616 0.508346 0.952893 0.118089 0.069452
1496 263.8770102503 0.343306 0.354670 -0.579818 0.044067 -0.451235 -0.036504 -0.760193 -0.082888 0.525073 1.000000 -0.223954 0.570013 0.290139 0.794574 0.038164 0.915882 -0.855952 -0.702530 0.060723 0.042052 -0.760402 -0.067527 0.749597 0.782022 -0.150135 -0.440214 0.622400 0.891880 0.613611 0.959052 0.207391 0.169779
1875 266.5697603719 0.369887 0.259681 -0.649655 0.023415 -0.607862 -0.197544 -0.586042 -0.021232 0.604268 1.000000 -0.167851 0.735369 0.503773 0.720423 0.045023 0.818282 -0.851565 -0.665444 0.324679 -0.153036 -0.587232 -0.072031 0.430115 0.667094 0.083294 -0.582418 0.465062 0.709740 0.377648 0.931879 0.049121 -0.105065
2346 273.6285329288 0.418759 0.249381 -0.805622 -0.014410 -0.515661 0.289293 -0.695521 0.115709 0.495257 0.887337 -0.348541 0.512680 0.309705 0.910455 0.146928 0.727796 -0.586642 -0.731359 -0.187607 -0.148293 -0.810950 0.215600 0.708750 1.000000 -0.103193 -1.000000 0.142139 0.299792 0.614783 0.803280 -0.064652 0.079502
6010 -777.9444589285 -1.000000 -1.000000 0.590795 -1.000000 -0.240398 0.914341 -1.000000 -1.000000 -1.000000 -0.820784 0.795782 0.558246 -1.000000 0.706754 -0.581000 0.419143 -0.841910 0.269235 -0.945813 -0.172825 0.787954 1.000000 -1.000000 -1.000000 -1.000000 -1.000000 0.914525 1.000000 1.000000 -0.045703 0.471119 -1.000000
