evaluations raw_y x0 x1 x2 x3 x4 x5 x6 x7 x8 x9 x10 x11 x12 x13 x14 x15 x16 x17 x18 x19 x20 x21 x22 x23 x24 x25 x26 x27 x28 x29 x30 x31
1 -670.9525843149 -0.118020 0.435219 -0.469524 -0.807382 0.180677 -0.205454 0.009603 -0.825024 0.156929 -0.946087 0.230870 0.086447 0.675027 0.112430 -0.864634 0.194533 -0.121009 0.180391 0.790085 -0.377757 -0.954231 -0.077675 0.768210 0.121366 0.343409 -0.856988 -0.596864 0.069333 0.354372 -0.850036 -0.845353 -0.170803
2 -654.0742638605 -0.301852 0.285452 -0.609532 -0.962216 0.193331 -0.049840 0.092280 -0.611731 0.258706 -1.000000 0.202509 0.210192 0.596986 0.236723 -0.742830 0.162873 -0.090784 0.337873 0.837661 -0.401744 -0.971865 -0.223045 0.659959 -0.001410 0.410303 -0.866255 -0.712422 -0.017918 0.459705 -0.896211 -0.960976 -0.086269
4 -463.8737690165 -0.329660 0.408473 -0.575305 -1.000000 0.163818 -0.022843 0.313306 -0.732512 0.164516 -1.000000 0.180274 0.228108 0.643214 0.192344 -0.684981 0.174598 -0.138138 0.181450 0.877917 -0.336461 -0.965565 -0.414164 0.769309 0.078494 0.295836 -1.000000 -0.764363 -0.039762 0.397662 -0.784288 -1.000000 -0.136047
5 -162.5678841707 -0.328470 0.491748 -0.792844 -0.818164 0.393150 0.025061 0.162451 -0.935804 0.097878 -1.000000 0.278920 0.280123 0.727414 0.198898 -0.754231 0.065533 -0.089575 0.219197 0.849408 -0.282185 -0.971273 -0.365779 0.811489 0.215365 0.347073 -1.000000 -0.682519 0.031274 0.324347 -0.900051 -0.878348 -0.046596
52 -140.5375580658 -0.194850 0.520584 -0.758137 -0.732183 0.385275 0.017435 0.070564 -0.896216 0.123322 -0.908697 0.230726 0.302929 0.711483 0.181628 -0.747165 0.144465 -0.104293 0.108656 0.918939 -0.371851 -0.985649 -0.304876 0.859932 0.246654 0.222803 -1.000000 -0.558377 0.024335 0.270655 -0.862968 -0.792152 -0.115297
70 -7.0750556977 -0.185206 0.496827 -0.824456 -0.691361 0.434466 -0.015421 0.036100 -0.964782 0.141611 -0.961275 0.303915 0.262273 0.710477 0.258999 -0.777464 0.079950 -0.166944 0.143665 0.922885 -0.411863 -1.000000 -0.256200 0.952899 0.324946 0.229801 -1.000000 -0.547440 0.015816 0.157666 -0.894360 -0.799885 -0.107076
274 10.1166987820 -0.193352 0.503034 -0.799621 -0.682753 0.455360 -0.004863 0.046235 -0.948381 0.143786 -0.958508 0.299575 0.276187 0.709635 0.243805 -0.778906 0.099396 -0.169946 0.159766 0.933337 -0.403456 -1.000000 -0.260558 0.948865 0.316454 0.215693 -1.000000 -0.562845 0.033086 0.159601 -0.892963 -0.788828 -0.119143
458 273.9317077512 -0.187465 0.502113 -0.798004 -0.683106 0.452867 -0.010102 0.052508 -0.950366 0.145173 -0.957305 0.297798 0.278695 0.710324 0.242014 -0.778298 0.100326 -0.169524 0.163184 0.934472 -0.406760 -0.997353 -0.259842 0.942697 0.315983 0.217570 -1.000000 -0.564367 0.035353 0.160019 -0.893667 -0.789943 -0.120410
1000 -722.2346847136 -0.187449 0.502113 -0.797966 -0.683081 0.452878 -0.010125 0.052505 -0.950290 0.145117 -0.957189 0.297783 0.278682 0.710309 0.242019 -0.778352 0.100306 -0.169545 0.163227 0.934527 -0.406780 -0.997352 -0.259816 0.942694 0.315962 0.217583 -1.000000 -0.564364 0.035350 0.159992 -0.893639 -0.789928 -0.120390
