evaluations raw_y x0 x1 x2 x3 x4 x5 x6 x7 x8 x9 x10 x11 x12 x13 x14 x15 x16 x17 x18 x19 x20 x21 x22 x23 x24 x25 x26 x27 x28 x29 x30 x31
1 -96.6014552173 0.676416 -0.339952 0.841277 0.286044 0.503455 -0.130368 -0.010913 -0.167136 0.327628 -0.225490 0.429767 -0.105968 -0.479059 -0.557845 -0.547938 0.433563 -0.243984 0.858920 -0.163818 0.543714 0.077122 -0.518048 -0.656553 -0.390829 0.564540 0.213978 -0.853880 0.557067 -0.632951 0.824755 0.471416 0.136714
15 -70.1993825120 0.761791 -0.375684 0.845481 0.327120 0.586924 -0.028766 -0.107796 -0.049850 0.308293 -0.290748 0.364721 -0.085399 -0.402097 -0.581344 -0.438134 0.387884 -0.188063 0.924361 -0.234821 0.549926 0.138250 -0.584440 -0.656539 -0.196983 0.457914 0.240788 -0.632756 0.735905 -0.642740 0.797228 0.565078 0.018196
24 -67.2547085711 0.776730 -0.347922 0.806826 0.415530 0.566410 -0.100397 -0.054952 0.023278 0.319763 -0.346753 0.352703 -0.147514 -0.220278 -0.548375 -0.387206 0.378299 -0.098171 0.845097 -0.155015 0.504295 0.157960 -0.663685 -0.637460 -0.057564 0.505856 0.301543 -0.534808 0.847851 -0.539516 0.694267 0.467171 0.016834
27 -37.3228344746 0.577607 -0.084458 0.805418 0.272142 0.641889 -0.119608 -0.121940 -0.053601 0.339698 -0.383879 0.248825 -0.213760 -0.007123 -0.503921 -0.425413 0.261614 -0.051921 0.754943 -0.223281 0.422985 0.051293 -0.742141 -0.787494 0.014949 0.400531 0.250281 -0.507356 0.885267 -0.577271 0.610249 0.456000 -0.020908
66 -23.4684986644 0.574293 -0.020609 0.795959 0.264796 0.654415 -0.142671 0.010891 -0.096369 0.348598 -0.478006 0.345020 -0.218647 -0.100431 -0.464452 -0.547303 0.205096 -0.108186 0.705043 -0.303089 0.522102 0.091076 -0.755610 -0.778253 0.029307 0.301948 0.244359 -0.502407 0.959989 -0.461587 0.591550 0.459840 -0.022307
85 48.9969739324 0.557729 0.069675 0.746520 0.099361 0.703924 -0.139272 -0.016611 -0.105085 0.407747 -0.530521 0.328510 -0.279207 -0.090667 -0.487013 -0.635284 0.155628 -0.181318 0.792197 -0.279001 0.440099 0.040738 -0.753143 -0.802073 0.009900 0.270862 0.286372 -0.569788 0.952873 -0.455648 0.628505 0.426866 -0.068524
156 226.0938440077 0.591025 0.091677 0.768333 0.141658 0.728983 -0.135524 -0.001763 -0.075990 0.414488 -0.544617 0.357892 -0.246703 -0.114270 -0.486315 -0.660791 0.164190 -0.156726 0.825125 -0.295509 0.427982 0.071807 -0.755641 -0.743152 0.023570 0.263302 0.309658 -0.534807 0.951720 -0.445564 0.650357 0.418209 -0.075439
985 245.6161517053 0.591024 0.091706 0.768344 0.141655 0.728987 -0.135538 -0.001794 -0.076005 0.414546 -0.544591 0.357834 -0.246733 -0.114268 -0.486264 -0.660810 0.164196 -0.156748 0.825138 -0.295505 0.427962 0.071811 -0.755691 -0.743087 0.023551 0.263315 0.309623 -0.534801 0.951679 -0.445537 0.650393 0.418264 -0.075439
1000 -315.5122333049 0.591004 0.091769 0.768377 0.141650 0.728902 -0.135534 -0.001823 -0.076036 0.414514 -0.544519 0.357880 -0.246726 -0.114284 -0.486282 -0.660831 0.164229 -0.156776 0.825151 -0.295559 0.427966 0.071771 -0.755690 -0.743079 0.023550 0.263278 0.309574 -0.534758 0.951740 -0.445505 0.650368 0.418258 -0.075419
