evaluations raw_y x0 x1 x2 x3 x4 x5 x6 x7 x8 x9 x10 x11 x12 x13 x14 x15 x16 x17 x18 x19 x20 x21 x22 x23 x24 x25 x26 x27 x28 x29 x30 x31
1 -566.8373934314 -0.946541 0.585593 -0.495270 0.594532 -0.385570 0.124664 0.290608 0.016082 -0.201742 -0.480332 0.087069 -0.208842 0.595154 -0.229272 0.302077 -0.550916 -0.026675 -0.657993 -0.192770 0.304198 0.735077 -0.450206 0.675587 -0.829729 -0.701274 0.002370 0.752567 0.533195 0.577175 0.936814 0.482555 0.999201
3 -524.0033034332 -1.000000 0.457009 -0.504081 0.595043 -0.273293 0.144540 0.203363 0.013681 -0.033769 -0.526893 -0.000217 0.007809 0.625122 -0.272891 0.362525 -0.566853 0.078838 -0.698376 -0.113873 0.328273 0.850964 -0.147917 0.747578 -0.853596 -0.638152 -0.015073 0.833819 0.494036 0.626429 0.975418 0.264754 1.000000
5 -446.3430168190 -1.000000 0.432893 -0.525992 0.642255 -0.316777 0.216059 0.113919 0.178364 0.106976 -0.536160 0.042545 0.062988 0.579556 -0.146271 0.433585 -0.457415 -0.017168 -0.735430 0.036883 0.247929 0.991880 -0.107243 0.803550 -0.964994 -0.627216 -0.065654 0.788053 0.642054 0.693403 1.000000 0.345298 0.994015
9 -400.9905644705 -0.987497 0.479376 -0.555070 0.561315 -0.360120 0.260931 0.038249 0.227987 0.158215 -0.421922 0.124704 0.004509 0.583468 -0.248904 0.442246 -0.503101 0.105687 -0.817827 0.085852 0.263835 1.000000 -0.125602 0.892965 -0.830300 -0.543477 -0.058300 0.781867 0.712648 0.699239 1.000000 0.377439 1.000000
13 -360.1824252529 -0.903760 0.489389 -0.673894 0.436343 -0.440057 0.128647 0.033770 0.237597 -0.118297 -0.377398 0.096506 0.146178 0.650784 -0.294470 0.588015 -0.527110 0.141305 -0.884766 0.161740 0.275317 1.000000 -0.181229 0.944198 -0.792672 -0.700221 -0.008196 0.747301 0.698620 0.722821 0.918379 0.458121 0.981200
14 -232.7058308862 -0.894713 0.428660 -0.631857 0.476937 -0.630213 0.217889 0.084182 0.286220 -0.053722 -0.260156 0.084512 0.049266 0.480298 -0.502560 0.598871 -0.522582 0.156637 -1.000000 0.163431 0.204825 1.000000 0.009463 0.898005 -0.729755 -0.702565 -0.065247 0.917044 0.814238 0.669276 0.904813 0.446278 0.904026
17 -179.9934665367 -0.833783 0.276717 -0.667033 0.629147 -0.642326 0.207403 0.172310 0.485845 -0.096836 -0.251058 0.060596 -0.130637 0.587661 -0.613304 0.487514 -0.394875 0.358934 -1.000000 0.204188 0.125318 1.000000 -0.053928 1.000000 -0.644428 -0.837124 -0.021966 0.874065 0.717843 0.773162 0.932604 0.430500 0.949317
25 -165.2527979549 -0.619564 0.463139 -0.737720 0.554480 -0.699764 0.199497 0.174476 0.445769 0.045358 -0.307839 0.013954 -0.079849 0.588536 -0.640273 0.462230 -0.449193 0.354378 -1.000000 0.288465 0.236226 0.957492 -0.133386 0.846152 -0.597503 -0.608631 -0.122494 1.000000 0.565205 1.000000 1.000000 0.561032 0.848696
27 -118.9721257998 -0.632383 0.534945 -0.725436 0.587682 -0.790437 0.299558 0.211442 0.259816 0.145258 -0.331775 -0.112965 -0.040809 0.506375 -0.539400 0.234389 -0.435429 0.431225 -0.982482 0.482055 0.158795 0.945239 -0.188241 0.771595 -0.622367 -0.601261 -0.182409 1.000000 0.713812 1.000000 1.000000 0.476308 0.821044
29 -116.8110679533 -0.504987 0.642040 -0.735329 0.600852 -0.874407 0.334165 0.142630 0.354205 0.164344 -0.386874 -0.266256 0.144238 0.421973 -0.665754 0.453744 -0.465400 0.400171 -0.975126 0.522461 0.183364 0.949588 -0.052546 0.738864 -0.635507 -0.585468 -0.238379 0.950157 0.698296 1.000000 0.791784 0.524427 0.803069
31 -29.8341096463 -0.630431 0.753817 -0.802254 0.388796 -0.756600 0.329874 0.100063 0.399568 -0.071924 -0.424338 -0.253923 0.084752 0.301599 -0.594640 0.421258 -0.403228 0.370824 -0.778404 0.658883 -0.029783 1.000000 -0.007450 0.811145 -0.508429 -0.615095 -0.096862 0.774836 0.748924 1.000000 0.562055 0.590717 0.813012
174 30.8136979011 -0.784303 0.596952 -0.928956 0.537076 -0.811085 0.275023 0.257638 0.367453 -0.026167 -0.218991 -0.108554 -0.050175 0.462246 -0.683841 0.674690 -0.443286 0.355240 -0.714568 0.611823 -0.077802 1.000000 -0.071900 0.836208 -0.537084 -0.615860 -0.070321 0.808054 0.864420 1.000000 0.590135 0.793647 0.929104
2038 60.0286653801 -0.847117 0.754529 -1.000000 0.698815 -0.890788 0.200713 0.358943 0.404574 -0.093361 -0.179860 -0.149280 -0.065601 0.366067 -0.798488 0.794659 -0.476428 0.494183 -0.779226 0.491502 -0.149909 1.000000 -0.103662 1.000000 -0.545399 -0.635303 0.051705 0.900658 0.844278 0.947235 0.586947 0.616091 0.901199
6226 61.0804933441 -0.817136 0.812419 -0.968841 0.549950 -1.000000 0.021456 0.265218 0.363737 0.277691 -0.037078 -0.009966 0.170639 0.143355 -0.791996 0.797975 -0.195107 0.599967 -0.915558 0.511736 -0.177173 0.711901 -0.055557 0.933565 -0.744634 -0.472081 -0.259769 0.785280 0.857232 1.000000 0.475979 0.528787 0.714444
7063 207.7827367365 -0.778831 0.733532 -1.000000 0.549158 -1.000000 0.084977 0.300623 0.332542 0.251476 0.020447 -0.054055 0.044582 0.221041 -0.608053 0.830791 -0.235363 0.608942 -0.863602 0.481617 0.059970 0.626167 -0.018643 0.896338 -0.610428 -0.576254 -0.319313 0.944179 0.851774 1.000000 0.469802 0.502772 0.684749
8378 236.4182224163 -0.752423 0.727542 -0.925049 0.488229 -1.000000 0.040789 0.009685 0.415219 0.304785 0.114494 -0.170124 -0.057091 0.248200 -0.606730 0.839486 -0.162868 0.702913 -1.000000 0.633642 0.250656 0.562047 0.023889 0.932397 -0.747303 -0.436024 -0.342445 1.000000 0.866723 0.885420 0.531520 0.400118 0.631779
9613 239.3926515698 -0.715876 0.600777 -0.880057 0.437020 -1.000000 0.051363 0.049459 0.429509 0.193506 0.051036 -0.093847 0.072915 0.191300 -0.843476 0.760125 -0.219912 0.656220 -0.925340 0.663345 0.325477 0.655988 0.127710 0.989027 -0.801037 -0.472095 -0.264635 1.000000 0.928760 0.794828 0.451208 0.590404 0.586641
21941 257.3094136450 -0.765240 0.759999 -0.784080 0.602985 -0.819389 0.186659 0.130477 0.346522 0.130792 0.023398 -0.179936 0.222449 0.053687 -0.893622 0.950400 -0.267941 0.597539 -1.000000 0.786992 0.277870 0.709937 0.191240 1.000000 -0.681278 -0.474486 -0.475220 0.888557 0.931616 0.729723 0.335906 0.803614 0.378202
39999 -2032.5358816301 -0.687146 0.857983 -0.910828 0.493248 -0.804750 0.238827 0.235596 0.321549 0.055019 -0.130750 -0.144828 0.187447 0.111686 -1.000000 0.925899 -0.224714 0.599302 -1.000000 0.626491 0.161444 0.590992 0.312613 1.000000 -0.597646 -0.374109 -0.515168 0.924492 0.783464 0.697574 0.468386 0.706081 0.475317
