evaluations raw_y x0 x1 x2 x3 x4 x5 x6 x7 x8 x9 x10 x11 x12 x13 x14 x15 x16 x17 x18 x19 x20 x21 x22 x23 x24 x25 x26 x27 x28 x29 x30 x31
1 -809.4493583252 0.096500 0.594443 -0.987782 0.431322 0.067427 -0.470888 0.411810 0.052982 0.484153 0.136201 0.553358 -0.655578 -0.424989 0.031041 -0.023031 0.913774 0.568027 -0.978941 -0.353237 -0.297017 0.639236 0.391994 0.591057 -0.833079 0.945585 0.970605 0.433942 -0.655561 -0.087023 -0.250158 0.925941 -0.644850
2 -138.3734270530 0.621258 -0.009644 -0.629281 -0.373595 0.485602 -0.815495 0.064045 -0.798230 0.686509 0.961811 -0.093605 -0.512734 -0.570547 0.682538 0.433208 0.692260 0.070745 -0.896010 -0.657133 -0.529907 -0.147531 0.674429 0.455914 -0.517776 -0.556739 0.119107 0.656276 -0.029470 0.396705 0.691676 0.196748 0.166465
8 -99.2738554188 0.061116 0.681251 0.825937 -0.199757 0.210162 -0.158710 -0.964409 -0.877147 -0.343864 0.840029 -0.657301 -0.833610 0.974071 0.932997 -0.152383 -0.208509 0.516072 -0.952264 -0.643389 -0.524804 0.304217 0.796180 -0.431437 0.549630 0.777049 -0.681547 0.188152 0.424365 -0.631337 -0.376489 -0.703365 0.152536
14 -39.9509670411 0.374675 0.321836 -0.021039 -0.606662 -0.893734 0.363704 0.538616 0.929304 0.052466 0.791581 -0.218154 0.788579 -0.021391 0.282497 -0.311367 -0.255811 -0.488751 -0.648252 -0.952045 0.671413 -0.610620 0.307106 -0.294162 0.897078 -0.861980 0.689718 0.244269 0.798540 -0.724870 0.806797 -0.190190 -0.597736
40 -18.0635629888 0.290671 -0.638852 -0.894528 0.978346 0.557098 -0.964194 -0.908348 -0.716812 -0.143620 0.882926 0.205053 -0.932456 -0.187395 0.054049 -0.865970 -0.757879 0.646765 -0.140991 0.523256 0.609942 0.308487 -0.384487 0.662656 0.707323 0.396288 -0.582422 -0.555902 -0.103527 -0.902317 0.759088 -0.816332 0.945809
59 13.5594587852 -0.866403 0.279789 0.606181 -0.946556 -0.889036 -0.709085 -0.951538 -0.459087 0.840327 0.759775 0.711650 -0.010794 -0.014078 0.564783 -0.837828 -0.552091 0.538781 -0.767503 0.552060 0.864225 0.524046 0.743082 0.155095 0.513234 0.551634 -0.019388 0.147605 -0.926139 -0.926983 0.912915 0.253010 0.754228
318 45.8286028870 0.733497 0.393932 0.495433 0.245753 0.255046 -0.330262 0.757390 -0.176825 -0.054469 0.780007 -0.758631 -0.121147 -0.511946 0.868429 0.158673 0.651582 -0.562298 -0.471476 0.674622 0.071229 0.512937 -0.269281 0.804594 0.001477 0.132232 -0.131786 -0.856039 0.286197 -0.041244 -0.049258 0.929649 0.043728
425 231.5970535212 -0.984418 -0.904432 0.504465 0.859908 0.728017 -0.644280 0.028370 -0.187574 0.840036 -0.226166 -0.698727 -0.745659 0.174096 0.116987 -0.450521 0.283562 -0.262986 0.017363 0.136905 -0.362837 0.001946 -0.494140 0.786899 0.773580 -0.455056 0.007424 0.436222 0.152892 0.547405 0.191296 0.081922 0.475087
1000 -741.1916437494 -0.607686 0.455005 0.864921 0.167805 -0.220371 -0.818727 -0.064600 -0.063905 -0.102627 -0.651014 -0.877790 -0.180657 0.978143 -0.350938 -0.355913 0.903569 0.035167 0.284092 -0.512364 -0.168805 0.720160 0.387401 -0.476358 -0.109393 0.676069 -0.025601 -0.782861 0.414894 0.251872 -0.335987 0.149073 0.308135
