evaluations raw_y x0 x1 x2 x3 x4 x5 x6 x7 x8 x9 x10 x11 x12 x13 x14 x15 x16 x17 x18 x19 x20 x21 x22 x23 x24 x25 x26 x27 x28 x29 x30 x31
1 -2140.2848111040 -0.917920 -0.180461 0.177428 0.799867 -0.757770 -0.659603 0.880336 0.190608 -0.328641 -0.116611 -0.008338 -0.824202 -0.451671 0.320091 -0.839342 -0.922694 0.350214 -0.625311 0.878652 0.742475 -0.283403 0.135677 0.758526 -0.095057 0.410129 0.592359 0.887545 -0.392372 0.819041 0.000013 -0.922389 -0.465666
3 -469.8597799272 -0.861046 -0.038921 0.020174 -0.262896 -0.131226 -0.444603 -0.369637 0.227856 -0.202306 -0.404834 0.348305 0.075237 0.900082 -0.062599 -0.492392 -0.611746 0.806317 -0.300234 0.353002 -0.019008 0.412017 -0.385406 -0.806899 -0.479280 -0.361986 0.414418 -0.469046 -0.269532 -0.468035 0.155408 -0.112522 0.499287
7 -122.8930206273 0.865693 -0.119403 0.571787 0.112261 0.868041 -0.190386 0.808386 0.475937 0.048611 -0.440875 0.331511 -0.248549 -0.706032 -0.189582 -0.654638 0.323377 -0.476523 -0.826984 -0.346929 0.291827 0.723020 0.504840 0.432266 -0.040010 -0.750346 -0.042021 0.812072 0.164616 -0.878320 0.042729 -0.797463 -0.582205
15 -97.1758196093 -0.999903 -0.797065 0.788284 0.819430 0.240277 -0.369075 -0.469163 -0.408097 -0.767848 -0.066884 0.188804 0.612769 -0.940405 0.102462 0.432846 0.758826 -0.451579 -0.749574 0.837378 0.190760 0.314591 0.684742 0.013634 0.062288 -0.224918 -0.089826 -0.877653 -0.260466 0.414031 0.486456 0.875146 0.539014
61 5.1215527770 0.110146 0.081755 1.000000 0.562502 0.542067 -0.077144 -0.448839 -0.837637 -1.000000 1.000000 -0.511071 0.237692 -0.416585 1.000000 0.112011 0.118162 -0.054062 -1.000000 -0.704375 -0.264035 -1.000000 -1.000000 1.000000 0.463937 -0.110659 1.000000 -0.231519 -1.000000 1.000000 -0.839823 -0.038075 -0.008582
384 30.4995112053 1.000000 0.534557 -0.984958 1.000000 1.000000 -0.956487 0.508300 0.829587 1.000000 1.000000 -1.000000 -0.992969 1.000000 -0.456873 -1.000000 -0.915204 1.000000 -1.000000 1.000000 0.544808 -0.364686 -1.000000 -0.822152 0.398138 0.389907 0.627088 -0.858137 1.000000 -1.000000 0.356886 1.000000 -0.777334
478 38.1479678360 1.000000 0.002334 -0.535396 0.591009 0.589546 -0.609787 0.429991 -0.153032 0.487415 0.286187 -1.000000 -0.836902 0.203592 0.208566 0.149875 -0.206349 0.721444 -0.956864 -0.186694 0.384843 -0.706935 -0.902211 -1.000000 0.654971 -0.735607 1.000000 -0.388413 0.615811 -0.856395 0.203294 0.213705 0.011259
883 60.1703084739 -0.481117 0.944911 1.000000 -1.000000 0.190987 0.689411 -0.976704 0.151996 0.765019 -0.507366 -0.971520 -0.586016 -0.542492 1.000000 -1.000000 0.243347 -1.000000 -1.000000 -1.000000 0.301745 -0.325940 1.000000 0.507605 1.000000 -0.298656 1.000000 1.000000 0.021781 0.288295 -1.000000 1.000000 -0.823605
1269 161.0728498826 -0.963125 0.926458 0.442222 1.000000 0.371505 0.421521 0.638415 0.794302 -1.000000 1.000000 -0.204334 -1.000000 -0.726417 -0.032000 -0.131736 1.000000 0.590664 -1.000000 0.345541 0.209972 0.220710 -1.000000 1.000000 0.905162 1.000000 -0.371127 -0.180089 1.000000 -0.892252 -1.000000 0.985272 -0.851676
1871 196.0985524058 1.000000 -0.949163 -1.000000 0.580553 0.500625 0.535041 -0.359376 0.990136 0.487553 0.612471 -1.000000 1.000000 1.000000 -0.789299 -0.766369 -0.600689 -0.504840 -0.468737 -0.441002 1.000000 -0.600000 0.547782 0.974203 0.354347 -1.000000 -0.455933 0.664683 0.855232 0.305169 0.016935 1.000000 -0.520566
2627 208.5815495472 -1.000000 0.963760 0.824564 0.991805 0.495394 0.586219 0.172911 0.824587 -1.000000 1.000000 -0.515051 -0.471937 -0.837316 0.758140 -1.000000 1.000000 0.095792 -0.966479 0.394846 -0.046336 -1.000000 -0.855410 1.000000 0.796057 0.983233 -0.224140 0.077885 0.684712 -0.934351 -1.000000 -0.791890 -1.000000
3566 226.4971950313 -0.891115 0.979967 0.812125 -0.996512 0.946294 0.934825 0.250756 0.986495 0.372046 0.912656 0.940173 -1.000000 0.247100 0.540448 -0.995367 0.920971 1.000000 -0.994722 -0.543018 0.935814 0.264111 0.173794 -1.000000 1.000000 -0.961337 -0.080882 -0.062659 1.000000 -0.862593 1.000000 0.409705 -0.380390
4185 254.4463482802 -0.530758 0.993070 1.000000 -0.243022 0.960014 1.000000 -0.008443 1.000000 -1.000000 1.000000 1.000000 -0.215553 0.272283 0.756311 -1.000000 -0.032327 0.950497 -0.769212 0.143987 0.903532 -0.174794 0.040375 0.578288 0.540796 -1.000000 -0.396386 -1.000000 1.000000 -0.838148 0.982952 -0.786962 -0.585344
4503 279.1057412624 -1.000000 1.000000 1.000000 0.108555 1.000000 0.899083 -0.358234 1.000000 0.421728 1.000000 -0.649538 0.606302 0.090718 0.362096 -1.000000 1.000000 0.541056 -0.959303 1.000000 0.782792 -0.740243 -1.000000 1.000000 1.000000 1.000000 0.246886 1.000000 1.000000 -0.796292 -0.088245 -1.000000 -0.837315
5601 296.8918230826 -0.665925 1.000000 0.504749 0.390364 0.259590 0.747871 -0.178908 1.000000 0.026154 0.473398 -0.639479 -0.420234 0.280687 0.178335 -1.000000 0.577476 0.153264 -0.875302 0.678476 0.679401 -0.279493 -1.000000 0.910567 0.998950 0.872771 0.262709 0.637186 0.282055 -0.226739 0.316066 -0.409309 0.011794
7296 299.5970387033 -0.589603 0.632539 -1.000000 0.661673 -0.904528 0.317440 0.306664 1.000000 -0.512104 -0.069328 -1.000000 -1.000000 1.000000 -0.378129 -1.000000 0.476481 -0.893568 -0.959700 0.763277 -0.235731 -1.000000 0.052420 -0.154742 0.943393 1.000000 0.486288 -0.863218 -0.413193 0.163223 -1.000000 0.836526 -0.081355
7835 312.4429243819 -0.317466 1.000000 -0.858628 -0.345655 -0.436265 0.226619 0.023561 1.000000 -0.780983 0.294052 -1.000000 -0.600891 -0.540683 -0.234120 -1.000000 0.732775 1.000000 -1.000000 0.667741 1.000000 -0.819668 0.383627 -0.523229 0.980835 0.636080 -0.684808 -0.337821 0.691111 -0.876344 -1.000000 -0.137937 -1.000000
9264 314.1303330566 0.590764 0.991574 0.450933 -1.000000 1.000000 0.526728 0.168521 0.999165 0.457695 0.534418 -0.353878 -0.999118 0.623990 -0.247817 -1.000000 0.347090 0.869050 -0.770784 0.453222 1.000000 -0.530083 -0.496163 -0.181312 0.698504 0.884192 -0.267236 -1.000000 0.443478 0.682408 0.817167 -0.249152 -0.448147
13435 315.1134922030 0.103785 1.000000 0.388874 -0.508143 0.772549 1.000000 0.071717 0.989799 0.474542 0.694516 0.454818 -0.627567 0.018376 0.060747 -1.000000 0.592097 0.847137 -0.742080 0.215257 1.000000 -1.000000 -0.927981 -0.452828 0.891124 1.000000 0.103697 -0.454492 -0.698630 -0.788910 -1.000000 0.468839 0.217366
14319 318.1461813624 -0.551965 0.685853 -0.683910 -0.325425 -0.049542 -0.429904 -0.414469 0.996057 -0.632812 0.073540 -1.000000 -0.783457 1.000000 -0.655082 -1.000000 0.809222 -0.321887 -0.826688 1.000000 0.666256 0.448353 -0.449422 0.742662 1.000000 0.686887 0.335639 -0.528699 0.933508 -0.011086 -0.356043 0.608530 -0.657045
16903 322.8721576057 -0.106257 0.992381 0.833295 -0.548981 1.000000 0.751185 -0.014503 1.000000 1.000000 0.707622 0.061448 -1.000000 0.281912 -0.064452 -1.000000 0.347090 1.000000 -0.830059 0.263844 1.000000 0.063130 -0.823753 -0.098115 0.792635 0.926020 -0.426039 -1.000000 0.213937 0.572835 1.000000 -1.000000 -0.560959
20000 98.0201896152 -0.883878 1.000000 -0.635488 -0.988356 0.541052 1.000000 0.147905 1.000000 1.000000 0.928344 1.000000 -1.000000 -0.481912 1.000000 -1.000000 0.982041 0.845108 -0.947796 1.000000 0.862067 0.227840 -1.000000 0.184249 0.999586 0.880092 1.000000 -0.182947 0.674542 0.163467 0.508895 -1.000000 -0.160323
