evaluations raw_y x0 x1 x2 x3 x4 x5 x6 x7 x8 x9 x10 x11 x12 x13 x14 x15 x16 x17 x18 x19 x20 x21 x22 x23 x24 x25 x26 x27 x28 x29 x30 x31
1 -443.1675488573 0.318996 -0.914394 0.822073 -0.994867 0.260082 0.633047 0.421175 0.865058 0.855667 0.032255 0.803598 -0.942755 -0.739879 -0.535939 -0.486675 -0.318709 0.615949 0.934215 -0.176413 0.468125 -0.657524 -0.343434 0.302289 0.040188 -0.218053 -0.209703 -0.741924 -0.127660 0.531713 -0.993987 -0.395035 -0.778454
4 -421.8952635150 0.280981 -1.000000 0.918443 -0.983782 0.190984 0.663287 0.573379 0.905122 0.932933 0.023191 0.791439 -0.965703 -0.743252 -0.729878 -0.392362 -0.432191 0.438785 0.749879 -0.007608 0.367063 -0.713338 -0.509157 0.439281 0.078307 -0.063837 -0.152361 -0.834909 -0.296928 0.655952 -0.923048 -0.406038 -0.694168
7 -353.0890729100 0.253235 -0.958804 0.885677 -1.000000 0.249770 0.684693 0.598389 0.955237 0.997055 -0.014135 0.840737 -1.000000 -0.710251 -0.762412 -0.610100 -0.410594 0.426947 0.656499 0.006759 0.475621 -0.588833 -0.492809 0.432103 0.105603 -0.021259 -0.046474 -0.830019 -0.179834 0.527498 -1.000000 -0.312539 -0.706725
12 -294.4078388163 0.405185 -1.000000 0.956890 -1.000000 0.368046 0.636367 0.572377 0.762646 0.890429 0.174604 0.926679 -1.000000 -0.756450 -0.822548 -0.869870 -0.429883 0.366608 0.528810 0.012378 0.494034 -0.512455 -0.439995 0.343607 0.181959 -0.289147 0.151650 -0.840058 -0.118972 0.585986 -1.000000 -0.106404 -0.683591
13 -208.2314955351 0.378917 -1.000000 0.788124 -1.000000 0.476120 0.447477 0.331207 0.848833 0.939751 0.297287 0.877912 -0.989193 -0.884924 -0.722527 -0.981206 -0.537934 0.442098 0.516778 -0.093378 0.560129 -0.501272 -0.564562 0.340021 0.266040 -0.375486 0.144874 -0.770435 -0.003084 0.406880 -0.993558 -0.089162 -0.717234
20 -198.1391748300 0.374175 -1.000000 0.797269 -0.886320 0.550858 0.547813 0.391570 0.809266 1.000000 0.305232 0.895708 -0.934875 -0.911507 -0.640337 -0.953416 -0.420073 0.577062 0.493951 -0.079605 0.589274 -0.495491 -0.633823 0.293623 0.303056 -0.346850 0.124107 -0.833267 -0.040603 0.374969 -0.979392 -0.018200 -0.663304
22 -147.7350126863 0.579990 -1.000000 0.791294 -0.931067 0.526442 0.581817 0.375884 0.879612 1.000000 0.284292 0.747097 -0.864072 -0.956103 -0.606564 -0.733897 -0.483119 0.653236 0.372391 -0.189394 0.424946 -0.462424 -0.624489 0.328515 0.224534 -0.255961 0.063407 -1.000000 -0.014760 0.178802 -0.972193 -0.065354 -0.722392
27 -141.0904781810 0.798729 -0.982876 0.926039 -1.000000 0.330465 0.683291 0.298349 0.865786 1.000000 0.284273 0.890416 -0.900380 -0.976302 -0.643199 -0.642363 -0.491896 0.668186 0.412569 -0.015237 0.184538 -0.663080 -0.458617 0.335387 0.273332 -0.378272 -0.212036 -0.810548 0.104125 0.279518 -1.000000 -0.066053 -0.593542
29 -135.5482801989 0.788923 -1.000000 1.000000 -1.000000 0.249531 0.664162 0.096208 1.000000 1.000000 0.432404 0.907897 -1.000000 -1.000000 -0.850157 -0.499272 -0.403234 0.705642 0.278505 -0.019233 0.249371 -0.711993 -0.470765 0.361024 0.240607 -0.378588 -0.101290 -0.877172 0.100871 0.320562 -1.000000 -0.021070 -0.416619
32 -132.9087089594 0.807951 -1.000000 0.926092 -0.968080 0.055878 0.593916 0.172383 0.942953 1.000000 0.551252 0.766489 -0.926598 -1.000000 -0.956020 -0.318436 -0.484792 0.724048 0.218986 0.049395 0.087632 -0.797197 -0.542397 0.400226 0.339027 -0.346710 -0.163030 -0.838694 0.096126 0.258175 -1.000000 -0.021539 -0.480659
33 -108.5193895534 0.660495 -0.897899 0.753927 -0.954005 -0.038616 0.730281 0.040713 1.000000 0.960006 0.408187 1.000000 -1.000000 -1.000000 -0.834500 -0.338807 -0.432100 0.773709 0.026931 0.164626 0.113242 -0.827192 -0.547324 0.366125 0.217563 -0.247229 0.017077 -0.965044 0.052975 0.234881 -0.865117 -0.039018 -0.435676
38 -103.5456615277 0.668523 -0.884802 0.999791 -0.937488 0.108351 0.765498 -0.106010 1.000000 1.000000 0.325217 0.997755 -1.000000 -1.000000 -0.688151 -0.470941 -0.534130 0.607643 0.054791 0.138662 0.001161 -0.809308 -0.467771 0.294400 0.059438 -0.121304 -0.111637 -1.000000 0.022280 0.316607 -0.791816 -0.099649 -0.199304
48 -47.0252796582 0.718726 -1.000000 0.954271 -1.000000 -0.070592 0.495964 -0.152704 0.552176 0.917854 0.364422 1.000000 -1.000000 -0.929291 -0.740446 -0.436440 -0.651620 0.817400 0.152921 0.148258 0.137705 -0.595040 -0.730836 0.266146 -0.067900 -0.208679 0.011515 -0.916999 -0.047591 0.150846 -0.506343 -0.247690 -0.159455
192 -36.4979982233 0.684201 -0.946275 0.878152 -1.000000 -0.043580 0.463600 -0.197600 0.514148 0.962363 0.389111 0.982183 -0.960993 -0.950954 -0.663145 -0.410627 -0.623339 0.848844 0.129654 0.231737 0.127316 -0.610766 -0.827910 0.324566 -0.022453 -0.297998 0.039353 -0.997643 -0.054006 0.172211 -0.543267 -0.229184 -0.073560
197 -25.7929090936 0.682480 -0.945257 0.869822 -1.000000 -0.002221 0.414626 -0.218727 0.488781 0.936369 0.428445 1.000000 -0.874240 -0.928869 -0.654918 -0.368887 -0.573493 0.813104 0.209758 0.307240 0.138886 -0.655511 -0.878000 0.299544 -0.066552 -0.282582 0.076719 -1.000000 -0.099112 0.133749 -0.499530 -0.184639 -0.166029
208 24.8233448053 0.714957 -0.897135 0.886870 -0.989134 -0.010834 0.364836 -0.270430 0.447614 0.883242 0.431381 0.995416 -0.866418 -0.903285 -0.688921 -0.387740 -0.606896 0.826305 0.153938 0.315898 0.155217 -0.676935 -0.846459 0.299978 -0.019128 -0.247124 0.061142 -0.940145 -0.068257 0.135161 -0.515786 -0.171250 -0.110969
887 29.1430552295 0.714827 -0.897439 0.886942 -0.989328 -0.010827 0.364977 -0.270405 0.447455 0.883353 0.431206 0.995648 -0.866510 -0.903477 -0.688776 -0.387638 -0.606895 0.826422 0.153848 0.315872 0.155006 -0.676922 -0.846634 0.299862 -0.018857 -0.246961 0.061134 -0.940175 -0.068254 0.135011 -0.515720 -0.171286 -0.111182
1000 -397.9061550188 0.714833 -0.897495 0.886913 -0.989430 -0.010756 0.364998 -0.270379 0.447425 0.883283 0.431361 0.995554 -0.866503 -0.903474 -0.688732 -0.387497 -0.606840 0.826537 0.153897 0.315923 0.155043 -0.676810 -0.846678 0.299866 -0.018795 -0.247001 0.061152 -0.940254 -0.068385 0.135025 -0.515648 -0.171368 -0.111118
