evaluations raw_y x0 x1 x2 x3 x4 x5 x6 x7 x8 x9 x10 x11 x12 x13 x14 x15 x16 x17 x18 x19 x20 x21 x22 x23 x24 x25 x26 x27 x28 x29 x30 x31
1 -691.5649881521 -0.496104 -0.743043 -0.882342 0.618717 0.751780 0.618831 -0.793408 -0.169902 0.122063 -0.550578 -0.862296 -0.808728 0.158635 -0.959406 0.654660 0.669703 0.102297 -0.502572 0.678520 0.986985 -0.243921 -0.104538 -0.234186 -0.936923 -0.268439 0.120200 0.404252 0.495359 0.203754 0.473144 0.159498 -0.686598
2 -366.3522670549 -0.455352 -0.711048 -0.812373 0.558519 0.775525 0.606313 -0.764119 -0.226424 0.182896 -0.620131 -0.653205 -0.832169 0.134142 -0.916282 0.792347 0.594535 -0.132696 -0.507735 0.662067 1.000000 -0.116157 -0.099224 -0.166553 -1.000000 -0.281945 0.026661 0.370962 0.319617 0.064995 0.381176 0.255741 -0.556199
7 -113.3307677642 -0.412869 -0.677046 -0.765148 0.563717 0.950314 0.481960 -0.785601 -0.296085 0.358992 -0.725584 -0.670491 -0.827730 0.149278 -0.725065 0.914330 0.704364 -0.229959 -0.494072 0.479265 1.000000 -0.167270 -0.153438 -0.032395 -1.000000 -0.182887 -0.080866 0.333250 0.370350 -0.053129 0.190297 0.366232 -0.536545
36 -16.3273676878 -0.340514 -0.853448 -0.717224 0.596956 1.000000 0.479396 -0.617199 -0.473924 0.531685 -0.616674 -0.766274 -0.799002 0.028344 -0.698828 0.835005 0.664921 -0.485876 -0.298582 0.444157 1.000000 -0.228453 -0.104728 0.057153 -0.789183 -0.195559 0.036332 0.365229 0.443091 -0.096907 0.201721 0.366918 -0.511786
137 17.8717845787 -0.356116 -0.848369 -0.677755 0.577118 1.000000 0.466959 -0.632905 -0.443918 0.520572 -0.603201 -0.805965 -0.785815 0.084227 -0.706069 0.826183 0.616695 -0.492585 -0.296429 0.501492 1.000000 -0.252808 -0.043070 0.123129 -0.767183 -0.179274 0.039769 0.393253 0.474265 -0.095048 0.221796 0.352814 -0.504203
199 63.6783203806 -0.391129 -0.864463 -0.669920 0.570991 0.963028 0.449557 -0.587728 -0.474565 0.475276 -0.599404 -0.813268 -0.776893 0.100989 -0.684517 0.788495 0.644026 -0.505123 -0.277008 0.517214 1.000000 -0.231685 -0.097422 0.095370 -0.754380 -0.157242 0.056523 0.412706 0.470090 -0.135176 0.247312 0.311050 -0.482481
1742 240.4228615835 -0.391129 -0.864463 -0.669920 0.570991 0.963028 0.449557 -0.587728 -0.474566 0.475276 -0.599404 -0.813268 -0.776892 0.100989 -0.684517 0.788495 0.644026 -0.505123 -0.277008 0.517214 1.000000 -0.231685 -0.097422 0.095370 -0.754380 -0.157242 0.056523 0.412706 0.470090 -0.135176 0.247312 0.311050 -0.482481
11961 257.8686630472 -0.391129 -0.864463 -0.669920 0.570991 0.963028 0.449557 -0.587728 -0.474566 0.475276 -0.599404 -0.813268 -0.776892 0.100989 -0.684517 0.788495 0.644026 -0.505123 -0.277008 0.517214 1.000000 -0.231685 -0.097422 0.095370 -0.754380 -0.157242 0.056523 0.412706 0.470090 -0.135176 0.247312 0.311050 -0.482481
20000 -451.0736274365 -0.391129 -0.864463 -0.669920 0.570991 0.963028 0.449557 -0.587728 -0.474566 0.475276 -0.599404 -0.813268 -0.776892 0.100989 -0.684517 0.788495 0.644026 -0.505123 -0.277008 0.517214 1.000000 -0.231685 -0.097422 0.095370 -0.754380 -0.157242 0.056523 0.412706 0.470090 -0.135176 0.247312 0.311050 -0.482481
