evaluations raw_y x0 x1 x2 x3 x4 x5 x6 x7 x8 x9 x10 x11 x12 x13 x14 x15 x16 x17 x18 x19 x20 x21 x22 x23 x24 x25 x26 x27 x28 x29 x30 x31
1 -494.7835334043 0.228005 0.859479 -0.490180 0.232871 -0.303968 -0.799141 0.621228 0.850429 0.029476 -0.583346 0.889636 -0.128896 0.067108 -0.105900 -0.788773 -0.559347 0.674802 0.513275 -0.954950 -0.230976 -0.430566 0.607782 -0.292593 -0.362274 -0.825576 0.904458 0.531651 0.139053 -0.797761 0.905804 -0.875903 0.043770
2 -229.1817562415 -0.704592 0.203555 -0.083031 0.321316 0.334565 0.965166 0.319120 0.987618 0.112750 0.755438 0.133156 -0.271605 -0.739053 0.930942 0.723852 -0.399546 0.365907 0.680404 0.302211 0.481088 -0.254831 -0.719056 -0.131530 0.195489 -0.457555 -0.825431 -0.866045 -0.010333 -0.168299 0.986557 -0.410139 0.607414
10 -105.3839855680 -0.263988 0.883559 -0.881446 -0.639323 -0.037416 0.187502 0.524597 0.804801 -0.382737 0.705117 -0.929952 0.110943 0.526841 -0.269036 0.819507 0.544132 0.317793 -0.256215 -0.005207 0.624813 0.664609 0.262687 0.215452 -0.609676 -0.472318 0.136280 0.329044 -0.608012 -0.453989 -0.960792 0.809720 -0.470477
22 4.6788547153 -0.097980 -0.942825 0.925425 0.644749 0.524843 -0.455638 -0.663689 -0.047493 0.263903 0.170975 -0.222731 -0.131685 0.203557 0.313748 -0.496748 0.768368 -0.789042 -0.573115 0.993804 -0.732747 -0.000056 0.875773 0.870854 -0.249526 -0.726502 -0.400565 -0.349257 0.201614 -0.684623 0.935027 0.172021 -0.674984
33 37.7727738935 -0.059842 0.635068 -0.789146 0.477324 0.854905 0.207024 0.326020 0.451035 1.000000 0.301041 -0.308073 -0.262120 -0.476878 0.332443 -0.712696 0.888904 -0.441521 0.992609 -0.546719 -0.531244 -0.333265 -0.358745 0.237221 -1.000000 -0.855922 -0.186534 -0.095045 -0.598198 0.516481 0.625851 -0.681538 0.631353
47 40.7510103356 -1.000000 0.782360 -1.000000 -0.078686 1.000000 1.000000 0.565311 0.743748 -1.000000 0.689027 -0.028478 -0.495811 -0.402438 0.327272 1.000000 0.291133 0.922243 0.140364 0.495413 0.542955 -0.361359 -1.000000 0.239675 0.601777 -1.000000 0.696737 0.052598 -0.687909 -0.535475 -0.715536 1.000000 0.022320
442 251.1278418552 -0.936533 -0.171001 0.540352 -1.000000 0.687756 -1.000000 -0.861403 -1.000000 0.755458 -1.000000 -1.000000 0.782246 -0.040167 0.287743 -1.000000 1.000000 0.000827 -0.192431 -0.803798 -1.000000 0.390568 1.000000 -0.345283 -1.000000 0.950780 0.801322 0.518895 -1.000000 0.810399 -0.253594 -1.000000 -0.944974
1252 294.2332447792 -0.936533 1.000000 0.540352 0.556175 0.758298 -0.329661 -1.000000 0.670287 0.755458 0.946675 -1.000000 -0.116955 0.026442 0.287743 -1.000000 1.000000 0.499516 0.519330 0.477257 -1.000000 -0.992786 -0.196739 0.491616 -1.000000 -1.000000 1.000000 -0.739648 -0.927420 -1.000000 0.399843 0.549861 1.000000
10000 -261.5493261100 0.095406 0.449654 0.610221 -0.133160 0.485103 -0.949094 1.000000 -1.000000 0.730130 1.000000 -0.849838 1.000000 0.006223 0.974924 -1.000000 -0.986693 -0.301639 -1.000000 -1.000000 0.983751 -0.831420 0.915438 0.907048 -0.141560 1.000000 1.000000 1.000000 -0.296956 -0.252804 1.000000 -0.298436 -0.146217
