evaluations raw_y x0 x1 x2 x3 x4 x5 x6 x7 x8 x9 x10 x11 x12 x13 x14 x15 x16 x17 x18 x19 x20 x21 x22 x23 x24 x25 x26 x27 x28 x29 x30 x31
1 -796.2493986554 0.482905 -0.846210 -0.359147 -0.909022 -0.490236 0.955491 0.354513 -0.250840 0.876585 0.787905 -0.746190 0.014870 -0.852233 0.209534 0.233997 0.385770 -0.182672 0.663010 -0.801308 -0.139136 -0.457080 -0.997662 -0.628933 -0.629510 0.493196 0.876870 -0.188287 0.828593 -0.961707 0.181652 0.914879 -0.499723
2 -769.8528851277 0.690622 -0.905631 -0.422231 -0.818524 -0.377161 0.869263 0.329622 -0.135892 0.921615 0.846745 -0.746251 -0.044308 -0.736771 0.109173 0.161093 0.343322 -0.340233 0.635026 -0.796884 -0.128744 -0.497503 -1.000000 -0.632715 -0.557988 0.441984 0.950797 -0.030345 0.737526 -0.854293 0.201444 0.884753 -0.453257
3 -655.0441310917 0.482392 -0.833667 -0.404499 -0.885032 -0.439752 0.856160 0.106888 -0.025469 0.917230 0.712048 -0.843607 -0.105055 -0.678407 0.257124 0.056425 0.181519 -0.419639 0.578568 -0.799553 0.007442 -0.372436 -1.000000 -0.729932 -0.499745 0.303049 0.943496 -0.201701 0.833391 -0.730879 0.210744 0.990327 -0.367379
7 -349.0033016316 0.483882 -0.735429 -0.549163 -0.904835 -0.337986 1.000000 0.041084 -0.109364 0.891160 0.705014 -0.815158 0.001983 -0.803254 0.331071 0.181414 0.081325 -0.455302 0.514930 -0.978955 -0.038171 -0.269600 -0.948685 -0.702524 -0.400493 0.290008 0.955665 -0.241981 0.741217 -0.719744 0.194912 1.000000 -0.315046
21 -224.0302524093 0.485904 -0.802956 -0.550414 -0.817559 -0.389919 0.906434 0.197483 -0.046556 0.819846 0.770302 -0.717676 -0.033822 -0.834716 0.296407 0.156330 -0.020792 -0.549086 0.571239 -0.933973 -0.199892 -0.353334 -1.000000 -0.684561 -0.402291 0.326346 0.896181 -0.199695 0.776441 -0.575338 0.084197 1.000000 -0.496736
24 -209.4283641587 0.533429 -0.677180 -0.537773 -0.777458 -0.400072 1.000000 0.255292 -0.045969 0.900568 0.696650 -0.547439 -0.095791 -0.965973 0.233285 0.119288 0.065935 -0.622860 0.554014 -0.885029 -0.111154 -0.393293 -0.970970 -0.495529 -0.270032 0.202491 0.753045 -0.270903 0.674990 -0.594479 0.130269 0.855284 -0.472384
102 -153.4033549309 0.597151 -0.684463 -0.561800 -0.692136 -0.381485 0.988979 0.249789 -0.045052 1.000000 0.729559 -0.594086 -0.078234 -1.000000 0.260198 0.132653 0.011162 -0.627634 0.525177 -0.911443 -0.125722 -0.385627 -0.994124 -0.481083 -0.267439 0.188034 0.805659 -0.230873 0.675633 -0.549939 0.096746 0.774474 -0.428382
193 46.5123847589 0.580956 -0.689513 -0.571064 -0.719378 -0.353771 1.000000 0.282381 -0.041800 0.969316 0.699376 -0.629922 -0.079312 -1.000000 0.254600 0.117964 -0.000555 -0.609127 0.501425 -0.950102 -0.171777 -0.352181 -1.000000 -0.518452 -0.266669 0.195585 0.808563 -0.221303 0.659050 -0.546355 0.095526 0.762039 -0.474035
1000 -755.6072837214 0.580933 -0.689508 -0.571106 -0.719403 -0.353768 1.000000 0.282385 -0.041806 0.969301 0.699344 -0.629932 -0.079251 -1.000000 0.254633 0.117917 -0.000542 -0.609164 0.501384 -0.950133 -0.171841 -0.352141 -1.000000 -0.518460 -0.266630 0.195571 0.808571 -0.221310 0.659044 -0.546337 0.095510 0.762054 -0.474039
