evaluations raw_y x0 x1 x2 x3 x4 x5 x6 x7 x8 x9 x10 x11 x12 x13 x14 x15 x16 x17 x18 x19 x20 x21 x22 x23 x24 x25 x26 x27 x28 x29 x30 x31
1 -12.2712435672 0.486255 -0.547151 0.285068 0.764711 0.481398 0.442527 -0.409304 0.051033 -0.652471 0.623918 0.698811 -0.486960 -0.525531 -0.083229 -0.542160 -0.595979 0.965361 0.961457 0.469608 -0.181390 0.237622 -0.841546 -0.201479 0.210842 -0.099026 -0.017468 -0.270985 -0.421947 0.990418 0.633556 -0.469940 -0.283905
142 16.4094339441 -1.000000 0.224304 -1.000000 0.279254 -0.023561 -1.000000 -0.600334 -0.502338 0.839104 0.473801 -0.054113 -0.441641 -0.106799 -0.202143 -0.351332 -0.151460 0.093396 -0.997221 -0.659448 -0.010965 -1.000000 -0.503337 0.451239 0.648994 1.000000 0.893661 0.994671 -0.851707 1.000000 -1.000000 -0.891338 0.598419
248 42.3065783061 0.639994 -1.000000 1.000000 -1.000000 -0.201399 -0.649113 -0.801775 0.052749 -1.000000 1.000000 -0.519458 1.000000 0.042764 1.000000 0.543361 0.232121 1.000000 0.727521 0.830237 -0.252850 -1.000000 -0.437952 0.238666 1.000000 0.600000 -0.314712 -1.000000 -0.236515 -0.378733 1.000000 0.619277 0.875462
493 167.0147524876 -0.963729 0.709515 0.480711 0.711462 1.000000 -0.796000 -0.368489 -0.754710 1.000000 0.893718 0.318510 -0.754655 -0.023244 1.000000 -1.000000 -1.000000 -1.000000 -0.451725 -0.175686 -0.710899 -1.000000 0.161090 -1.000000 -1.000000 -1.000000 1.000000 0.114507 0.137557 -0.115631 -0.138412 0.374298 0.728397
701 254.2329923434 1.000000 -0.652222 0.087443 -0.492001 0.610191 -0.549685 -1.000000 -1.000000 1.000000 0.590618 0.329029 0.213465 0.354008 1.000000 -0.860667 -0.003512 0.999281 0.938768 -0.836158 -0.735463 -1.000000 -0.327163 0.202207 0.315380 1.000000 0.321014 -1.000000 -1.000000 1.000000 1.000000 -0.214512 0.888849
1845 256.5646798458 0.092862 -0.573119 0.695123 0.435422 0.427376 -1.000000 -0.720823 -0.416454 0.869681 0.808469 -0.569031 -0.251665 0.647261 -0.133358 -0.709863 1.000000 -0.851432 -0.760871 -0.683767 -0.890721 -0.548471 0.161027 0.404720 -0.017169 0.932524 0.788260 1.000000 -0.938425 1.000000 -0.990980 -1.000000 0.483823
2017 296.9361633629 1.000000 -1.000000 -0.292201 1.000000 0.541901 -1.000000 -0.765136 0.250221 -0.189280 0.785320 -0.455209 -0.633895 1.000000 -0.485953 -0.649673 0.594881 -1.000000 -0.198243 0.759973 -0.766384 0.551184 0.039048 1.000000 0.170127 1.000000 1.000000 1.000000 -0.967985 1.000000 -1.000000 -1.000000 -1.000000
3496 310.0759015715 1.000000 1.000000 0.317043 -0.356734 1.000000 -0.414906 -0.939667 -0.556121 1.000000 0.980249 -0.736588 -0.598434 1.000000 0.090916 -1.000000 0.805090 -0.675402 0.709657 -0.766504 1.000000 -0.362248 0.380073 0.000475 -0.893272 0.899685 0.971387 -0.813764 -0.756298 1.000000 -0.108346 0.809789 0.397016
20000 -42.1702384864 -1.000000 0.606293 -0.893521 -0.795353 1.000000 -0.795162 -0.457805 -0.754841 0.580656 0.062457 -0.523440 -0.955966 1.000000 -0.597988 -0.937134 0.887193 -0.915349 -0.697118 0.280442 0.554843 0.874966 -0.562752 0.608484 -0.337234 0.984817 0.374396 0.711765 -0.534674 -0.279750 -0.782617 -1.000000 -0.816221
