evaluations raw_y x0 x1 x2 x3 x4 x5 x6 x7 x8 x9 x10 x11 x12 x13 x14 x15 x16 x17 x18 x19 x20 x21 x22 x23 x24 x25 x26 x27 x28 x29 x30 x31
1 -489.7626108462 0.204497 0.230931 -0.322882 -0.053318 -0.483824 0.291276 -0.815785 -0.389502 0.619884 0.632056 -0.044952 0.375081 0.055244 0.821884 0.302190 0.888342 -0.703258 -0.542807 -0.037233 0.101471 -0.882533 -0.096864 0.720634 0.382282 0.261324 -0.771266 0.623599 0.822513 0.347992 0.997630 0.152298 -0.022798
2 -145.1622101197 -0.679474 0.325012 -0.749779 -0.969310 0.281481 0.464284 -0.779149 0.026033 -0.404182 0.602003 -0.845464 0.740497 -0.282449 -0.125801 0.280303 0.403326 -0.918223 -0.741633 -0.611789 -0.773026 0.860124 -0.990687 0.119711 0.016442 0.736397 -0.909000 -0.677015 -0.880891 0.529225 0.556880 0.800474 -0.269437
6 -117.5297210593 -0.964145 -0.033292 0.240364 0.506455 0.904619 0.802265 0.065990 0.225541 0.399109 -0.640417 0.280730 -0.052270 -0.631532 0.670393 0.461754 -0.911658 -0.480394 -0.324709 0.344396 0.571549 0.844489 0.351326 -0.431697 0.843701 0.186773 -0.877466 -0.884924 0.868089 0.900226 -0.291451 -0.187147 0.708972
14 -110.8992810024 -0.756555 0.912284 0.907769 0.500305 0.352689 -0.595368 -0.924062 -0.337129 -0.045164 -0.923331 -0.562864 0.537932 -0.214050 0.598901 -0.915294 0.498402 -0.807282 -0.685337 0.048528 0.460619 0.284087 0.040649 -0.748926 -0.903199 0.042387 0.584008 0.705923 0.578590 0.009253 0.834486 -0.475646 0.629781
18 -108.7801363040 0.617665 0.648458 0.040397 0.371150 0.879261 0.773713 0.912640 0.436707 -0.510440 0.511459 -0.342583 -0.146975 -0.882054 0.922180 0.021168 -0.025863 -0.857735 0.987856 0.241148 -0.576639 -0.124840 0.290975 0.710046 -0.971619 -0.464522 0.249742 -0.075033 0.303126 -0.993160 0.090590 0.930813 -0.187836
48 -43.6276390230 0.617665 0.333830 1.000000 0.599893 0.866176 -0.028203 -1.000000 -0.638797 -0.544581 -0.080314 -0.080341 0.977969 -0.846486 -0.055174 -0.651664 -0.690301 -0.078404 0.387285 0.241148 1.000000 1.000000 0.758452 -0.726217 0.946948 0.207866 -1.000000 -1.000000 1.000000 0.311513 -0.957788 -1.000000 0.937214
110 -10.2471602975 0.839661 0.912518 1.000000 1.000000 0.980307 0.983914 0.349680 0.005538 1.000000 0.166100 0.558702 0.662754 -1.000000 -1.000000 0.767658 0.774829 0.057444 0.411378 -1.000000 0.267761 -1.000000 0.778537 -0.191076 1.000000 0.064716 0.985792 0.515862 0.158117 0.666778 -1.000000 -0.487831 -1.000000
151 29.9355065285 0.382768 0.904701 0.636492 1.000000 1.000000 0.561344 -0.275489 1.000000 1.000000 0.358967 -0.453050 0.475870 -0.881454 -0.614070 0.128258 1.000000 -0.014229 -1.000000 -0.948712 1.000000 -0.165841 0.092669 -1.000000 1.000000 0.647445 1.000000 0.060979 0.317726 -1.000000 -0.893995 -0.383831 -1.000000
194 33.9860875343 -0.756555 1.000000 0.562053 1.000000 1.000000 -0.595368 -0.924062 0.907707 1.000000 0.438106 0.473983 0.089574 -1.000000 1.000000 -0.582594 -1.000000 1.000000 -0.685337 0.112056 0.644324 0.150413 1.000000 1.000000 -0.903199 0.334848 1.000000 0.300345 0.578590 -0.603463 1.000000 0.661818 -1.000000
240 39.6093830955 -1.000000 -1.000000 0.329900 -0.859418 1.000000 -0.649075 -0.514663 -1.000000 0.371673 -1.000000 0.850834 0.493350 -0.975332 1.000000 -1.000000 -1.000000 -1.000000 0.652214 -0.010355 -0.593733 1.000000 -1.000000 0.750064 -0.812677 -1.000000 -1.000000 -1.000000 1.000000 1.000000 -0.282715 -0.808757 1.000000
289 43.0010116343 -1.000000 -0.397338 0.318506 -0.568358 0.676313 -0.775777 -1.000000 -1.000000 -1.000000 -1.000000 -1.000000 -0.183213 -0.340625 -0.001176 -1.000000 1.000000 -1.000000 -0.161834 -0.306331 -0.600000 1.000000 -0.597401 -1.000000 -0.197709 0.047672 -0.534603 -1.000000 1.000000 0.320839 0.104834 -1.000000 1.000000
359 46.0336519986 -0.930450 0.816944 0.505632 -0.776090 1.000000 -1.000000 -1.000000 -0.588603 -0.936000 -1.000000 -1.000000 -1.000000 0.192999 0.529654 -0.658535 1.000000 -0.954837 0.482440 1.000000 -0.600000 0.993501 -0.597401 -0.495137 -0.826031 1.000000 0.314867 -1.000000 1.000000 -0.861315 1.000000 -1.000000 1.000000
688 211.7487164792 0.058277 0.936252 -1.000000 0.123302 1.000000 -0.891234 0.353656 0.220199 1.000000 -0.417236 0.710320 -0.895298 0.964873 1.000000 -0.672674 1.000000 -1.000000 1.000000 -0.711480 -1.000000 -0.600000 -0.341921 0.894554 -1.000000 -0.759452 -0.151733 0.600000 0.360463 1.000000 1.000000 -0.332720 1.000000
1109 270.4297238546 -1.000000 -1.000000 -0.496714 -1.000000 0.778335 -0.547332 -0.541845 -1.000000 -1.000000 -1.000000 -1.000000 -0.658494 0.060649 0.763109 -1.000000 1.000000 -1.000000 1.000000 1.000000 -0.391044 1.000000 0.989233 -1.000000 -0.441383 -0.561235 -1.000000 -1.000000 1.000000 -1.000000 -1.000000 -1.000000 1.000000
6036 278.9972932252 -1.000000 -1.000000 -1.000000 -1.000000 0.183191 1.000000 0.033827 -0.701181 -0.680000 1.000000 0.448575 -0.825290 -0.133181 0.739035 -0.557039 -1.000000 -0.876554 0.336421 -1.000000 1.000000 1.000000 -1.000000 -1.000000 1.000000 -0.697661 -1.000000 -0.881223 -0.860976 1.000000 -0.959467 -0.916931 -0.826802
6419 279.2296720623 -1.000000 -0.851457 -0.060550 0.796494 0.580435 1.000000 -0.510415 1.000000 1.000000 1.000000 0.751409 -1.000000 1.000000 0.763109 -1.000000 1.000000 -0.860529 -1.000000 -1.000000 1.000000 1.000000 -1.000000 -0.460443 1.000000 0.564114 -1.000000 -1.000000 0.097379 -0.822605 -0.500213 -0.691502 1.000000
9204 302.5537079078 -1.000000 -1.000000 -1.000000 -0.921440 -0.671028 1.000000 -1.000000 1.000000 0.889676 1.000000 1.000000 -1.000000 1.000000 0.993742 -1.000000 0.569441 -0.355777 0.201339 0.113469 1.000000 1.000000 -1.000000 -1.000000 1.000000 1.000000 -1.000000 -0.393513 -1.000000 0.996646 -0.751073 1.000000 1.000000
11773 306.9606319541 -1.000000 -0.710664 -0.216570 -0.556430 0.142678 1.000000 -1.000000 1.000000 1.000000 0.604620 1.000000 -0.425479 1.000000 1.000000 -0.958919 1.000000 -1.000000 0.205219 -0.536992 1.000000 1.000000 -1.000000 1.000000 1.000000 1.000000 0.291649 -0.393513 -1.000000 1.000000 -1.000000 1.000000 0.533216
13322 308.3933894318 -0.960903 -0.909005 1.000000 -0.683702 -1.000000 0.966520 -1.000000 0.858547 -0.395200 1.000000 0.645106 -1.000000 0.874400 1.000000 -0.947591 0.635009 -0.212015 0.057092 -1.000000 1.000000 1.000000 -1.000000 0.710759 1.000000 1.000000 -1.000000 0.096476 -1.000000 1.000000 -0.800858 1.000000 1.000000
16285 312.7676645445 -0.461821 -0.656062 0.812598 1.000000 -1.000000 0.821769 -1.000000 1.000000 0.731824 0.831132 1.000000 -0.144672 1.000000 1.000000 -0.874803 0.810955 0.030388 -1.000000 -0.446819 1.000000 0.418658 -1.000000 0.986549 1.000000 1.000000 -0.710682 0.409685 -1.000000 1.000000 -0.135550 1.000000 1.000000
20000 254.7252325392 -0.875357 0.226479 1.000000 0.484637 1.000000 1.000000 -1.000000 0.869537 0.806344 0.342402 0.890532 -0.038581 1.000000 0.708131 -1.000000 0.882196 1.000000 -1.000000 -0.204746 1.000000 1.000000 -0.910533 0.366608 1.000000 1.000000 -1.000000 -1.000000 0.731901 0.575636 -1.000000 1.000000 0.234723
