evaluations raw_y x0 x1 x2 x3 x4 x5 x6 x7 x8 x9 x10 x11 x12 x13 x14 x15 x16 x17 x18 x19 x20 x21 x22 x23 x24 x25 x26 x27 x28 x29 x30 x31
1 -382.7735742091 0.255023 -0.721247 0.235337 0.296700 0.640205 0.732883 0.580422 -0.764755 0.701343 -0.029673 0.833095 -0.268164 0.717704 -0.896181 0.901206 -0.341982 0.397038 -0.620585 -0.199328 0.238346 0.657709 -0.622669 0.946928 -0.668540 0.965948 -0.058683 0.911132 0.667850 -0.326747 0.865932 0.100462 -0.074838
3 -340.5937756091 -0.937230 0.928255 -0.942438 0.381496 0.565715 0.363518 -0.053988 0.607083 0.594459 0.803179 0.868406 -0.817185 0.489033 0.974390 0.229789 -0.395731 0.855589 -0.806566 0.645460 -0.001933 0.839207 0.314201 0.191290 0.380737 0.997504 0.871035 -0.422742 -0.076799 -0.278238 -0.199541 -0.797919 0.538760
5 -334.1613785147 -0.471130 0.410612 -0.727703 0.839912 -0.250071 -0.165179 -0.818681 0.039913 -0.077940 0.608787 -0.795080 0.856460 -0.226397 0.920541 -0.264152 0.159228 -0.568302 -0.651957 0.857448 0.009590 -0.850147 0.555160 0.664848 0.910443 0.993988 0.314124 -0.019642 0.443255 0.926765 -0.700227 -0.294784 -0.490048
12 -286.2586194810 -0.884237 -0.296496 -0.808786 -0.917127 0.249383 -0.326918 -0.284600 -0.871456 -0.646629 -0.991687 0.038775 -0.122349 0.011932 0.564135 -0.437849 -0.942334 -0.890366 0.002732 0.080387 -0.205724 0.063809 0.279316 0.532640 -0.812602 -0.050325 0.253709 -0.946942 -0.890449 -0.430183 0.125750 0.232163 -0.012511
20 -169.3465826054 0.870887 -0.249440 0.964019 -0.184261 0.319869 -0.805652 0.044538 0.040435 -0.606090 -0.031214 0.667977 0.258109 -0.872990 0.512358 -0.610296 0.741367 0.869050 -0.455519 0.218101 0.773473 -0.007630 0.383850 0.007989 0.988198 -0.123855 0.069781 -0.422411 0.678106 -0.775001 0.669837 0.998688 0.165629
30 -162.9145004731 0.451266 -0.735712 -0.835811 0.670700 0.941420 0.482941 -0.247007 -0.717351 -0.286853 0.371373 0.704211 -0.359802 -0.661470 -0.481536 -0.565435 0.061518 0.837188 0.804512 0.996614 -0.602709 -0.261470 -0.005289 -0.102260 0.403539 0.331646 0.344902 -0.138361 -0.480696 -0.441493 0.105430 0.872889 -0.480255
42 -126.7877103920 0.499551 0.707713 0.933807 -0.035696 0.186648 -0.845827 -0.167827 -0.703235 -0.445269 -0.019017 0.755654 0.294899 -1.000000 0.527972 -0.560370 0.908358 0.061350 0.002732 1.000000 0.641958 -0.496971 0.384078 0.530651 1.000000 1.000000 0.246975 -0.946942 0.526034 -0.562272 -0.354766 1.000000 -0.754514
57 -116.5902470792 0.021445 -0.991825 -1.000000 -0.929482 -0.127947 1.000000 0.012349 0.812971 -1.000000 0.713451 -0.670305 -0.788205 0.018882 0.959768 0.747464 0.388650 -0.120439 -0.844709 0.077226 -0.775397 -0.352200 0.082306 0.236335 -0.539984 0.676821 0.411217 -0.492417 1.000000 1.000000 -0.784462 -1.000000 -0.134437
67 -101.2442862289 -1.000000 0.218837 -1.000000 -0.726917 0.022575 0.229729 -1.000000 0.013193 -1.000000 1.000000 -0.841580 0.993797 0.623407 1.000000 0.809878 1.000000 -0.884963 -1.000000 0.938875 -0.376692 -0.934569 1.000000 1.000000 0.430483 1.000000 0.989383 -0.988189 -0.807268 0.933994 -0.512534 1.000000 0.423684
81 -91.6298856949 0.428972 1.000000 -0.441195 0.611129 1.000000 0.611542 0.351347 -0.207192 -0.710433 -0.702801 -0.756677 -1.000000 -0.563710 0.851062 1.000000 -0.019026 0.923479 -1.000000 -0.260145 -0.998558 1.000000 1.000000 -0.543119 0.249184 0.101493 0.061860 0.808897 -0.705314 -1.000000 -1.000000 0.594873 0.297667
108 -73.0892337408 0.690918 -0.920708 -0.836120 0.791481 0.840717 0.511717 -0.299619 -0.823753 -0.285662 0.381220 0.894786 -0.173523 -0.379471 -0.257611 -0.790127 0.147204 -0.523690 0.219903 0.924045 -0.526077 -0.410663 0.134424 -0.203620 0.401791 0.415434 0.474756 -0.592275 -0.242741 -0.408179 0.205760 1.000000 -0.570830
136 -13.7444145570 -0.454365 1.000000 -0.141375 0.590790 0.077681 -0.603142 -0.854945 -0.525500 0.662496 -0.067304 -0.003045 0.890131 -0.978738 0.701230 -0.833130 0.309351 0.783877 -0.088110 -0.690521 -0.172558 1.000000 0.404670 0.498130 1.000000 0.261480 0.185037 -0.225162 0.000418 0.421868 -0.151922 -0.035827 -0.553530
174 55.1995194198 1.000000 0.853826 1.000000 0.677916 1.000000 -0.404676 -0.506416 -0.299140 -0.102257 -0.240326 1.000000 0.806063 -1.000000 0.368815 -1.000000 0.200590 -0.471571 1.000000 1.000000 0.385747 -1.000000 -1.000000 0.569097 0.433773 1.000000 0.038733 -1.000000 0.540966 -1.000000 0.029130 0.807985 -0.407807
756 208.5575652298 1.000000 0.819129 1.000000 -0.955238 0.042178 -1.000000 -1.000000 -0.808527 -0.848295 0.598026 0.135487 -0.006037 -0.401190 0.966796 -1.000000 1.000000 1.000000 -1.000000 -0.352416 -1.000000 0.485312 -1.000000 0.831879 1.000000 -0.154485 -0.902375 -0.706310 -0.428538 -0.335963 -0.929297 -1.000000 0.728338
835 248.6120275978 0.600000 1.000000 1.000000 -0.454505 0.592752 -0.844638 -1.000000 -1.000000 0.858347 -0.503653 -0.494164 -0.539411 -0.129546 0.862847 -0.590147 1.000000 0.542041 -0.385149 -0.295530 -0.075103 1.000000 -0.224430 1.000000 1.000000 0.076412 -1.000000 -0.506367 -0.953397 -1.000000 -0.240301 -1.000000 1.000000
1679 265.7469193880 0.992513 -0.312345 0.415777 -1.000000 0.448369 0.337048 0.858597 -0.024251 -1.000000 1.000000 1.000000 0.546812 -0.448603 0.842840 -0.802243 1.000000 0.863795 -0.880386 0.965503 -0.636640 0.423829 1.000000 -0.464979 1.000000 1.000000 -0.154584 -0.533033 -0.020228 0.836476 -1.000000 -1.000000 1.000000
2178 266.3034147442 -1.000000 -0.442108 0.173265 -0.475620 -0.184023 -0.798674 -0.779449 -0.059457 0.113459 1.000000 -0.291677 1.000000 -0.258335 0.966226 -0.698714 0.945360 0.639475 -0.959893 -0.067621 0.029132 0.706793 0.885167 -0.399494 0.885892 -0.815622 -0.745087 -1.000000 1.000000 1.000000 0.282028 0.767339 -1.000000
3755 284.8966118543 -1.000000 -0.950423 -0.456604 -0.357974 1.000000 0.316152 -0.939078 0.026782 -1.000000 0.531732 0.946127 0.379140 0.456996 0.901609 -0.584865 0.879705 0.259036 -1.000000 0.150613 0.612208 -0.212093 -0.068808 -0.876597 0.514096 1.000000 1.000000 -1.000000 -0.139868 0.915317 -0.013476 0.237340 0.994790
7857 305.4301753421 0.806381 1.000000 1.000000 -0.086379 0.871104 -0.727107 -0.709491 -0.582323 1.000000 -1.000000 -0.281411 -0.971505 0.234660 -0.207868 -0.719261 -0.479535 0.765536 -1.000000 -0.990858 1.000000 0.631220 0.491943 1.000000 0.527640 0.746407 0.600000 -0.740003 0.617333 -0.165191 -1.000000 -0.089764 -1.000000
20000 -84.8054639700 -1.000000 0.626375 0.719326 -0.009798 1.000000 -1.000000 -1.000000 -1.000000 -0.085148 0.416847 0.903529 1.000000 -0.792301 1.000000 -0.941030 0.964833 -0.288088 0.485016 1.000000 -1.000000 -0.991721 0.351456 1.000000 0.292483 0.987943 0.620065 0.485332 -1.000000 1.000000 0.034926 1.000000 -1.000000
