evaluations raw_y x0 x1 x2 x3 x4 x5 x6 x7 x8 x9 x10 x11 x12 x13 x14 x15 x16 x17 x18 x19 x20 x21 x22 x23 x24 x25 x26 x27 x28 x29 x30 x31
1 -114.8328160670 0.307179 -0.769986 0.900566 -0.035617 0.744949 -0.575335 -0.918581 -0.205611 -0.533736 0.683481 -0.585835 0.484939 -0.215692 -0.635487 0.487079 -0.860836 0.770674 0.905289 0.862287 -0.169138 -0.942037 0.964055 -0.320725 0.413374 -0.276246 -0.929788 0.710117 0.314507 0.531366 0.108174 0.770186 0.808395
15 -89.2102038013 -0.563339 0.004887 0.137054 0.195830 -0.215128 -0.232628 -0.257705 0.010894 -0.638739 0.988910 0.761058 0.692921 0.183508 0.590217 -0.769043 0.707619 -0.393498 0.806385 -0.468566 -0.968760 0.760738 0.436183 -0.535061 -0.562800 0.886738 0.816212 0.004339 -0.891716 0.782022 0.107881 0.594794 0.171877
21 -42.5796806195 -0.994119 0.835984 -0.893681 -0.698035 0.349413 0.252313 -0.426469 -0.114246 -0.802626 -0.289984 -0.235658 -0.813627 -0.036504 -0.226242 -0.700701 -0.369828 0.510421 0.397312 0.267833 -0.780555 0.647707 -0.153032 0.714900 0.245318 -0.601153 -0.217355 -0.960624 -0.310001 -0.430989 -0.746501 0.024200 -0.208400
66 23.5269813171 -1.000000 0.429271 -0.796215 -0.659002 0.864403 -0.751513 -1.000000 -0.880503 -1.000000 1.000000 -0.227468 0.067992 -0.130869 0.115302 -0.252198 1.000000 -0.256586 1.000000 -0.641465 -1.000000 1.000000 -0.342231 0.752239 -0.333527 0.223604 0.231566 -0.795843 -1.000000 0.141318 0.310681 -0.185846 0.805157
113 227.7895758779 -0.267689 -0.607517 -0.375549 -0.357324 0.320721 -0.246131 -0.997063 -1.000000 0.004492 -0.270818 0.717813 -0.820007 0.853564 0.486163 -0.868127 0.218144 0.063025 0.511030 0.892326 0.386138 -0.563077 -1.000000 0.402864 0.386549 -1.000000 0.607385 -0.296791 -0.443882 1.000000 -1.000000 -1.000000 1.000000
1079 243.5603489248 1.000000 -0.618938 -1.000000 0.438962 0.696904 -1.000000 -1.000000 0.174670 1.000000 0.697061 1.000000 -0.757453 0.000450 0.633366 -1.000000 0.143560 -0.736921 1.000000 -1.000000 0.449907 -1.000000 1.000000 1.000000 0.853950 0.789959 -1.000000 0.224074 -0.378939 0.326392 -0.785022 1.000000 1.000000
1136 261.2998077023 1.000000 -0.203909 -1.000000 0.991505 1.000000 -1.000000 -1.000000 0.557868 -0.109496 1.000000 1.000000 -0.129149 0.331050 1.000000 -1.000000 1.000000 -1.000000 1.000000 -1.000000 -0.709774 -1.000000 -0.764415 1.000000 -0.781378 -1.000000 -1.000000 1.000000 -0.984389 -1.000000 0.953175 -1.000000 1.000000
2073 272.4509892802 -1.000000 -1.000000 1.000000 0.272016 0.127612 -0.711114 -0.873261 -1.000000 0.827875 0.699955 1.000000 -0.456810 0.189973 0.371418 -0.588941 0.794621 -0.215286 -0.444813 0.135993 0.367819 -0.648261 -1.000000 -1.000000 -0.615388 1.000000 0.218411 0.433872 -0.902914 1.000000 0.168271 0.043276 -1.000000
2180 273.0205925241 -1.000000 -1.000000 1.000000 0.790393 0.711903 -0.915590 -0.769436 -1.000000 1.000000 0.912330 1.000000 0.063548 0.333997 0.816335 -0.916333 0.939990 -0.770714 0.577840 -0.789618 -0.258189 -0.498764 -0.642008 -1.000000 -0.278143 1.000000 0.949791 0.251385 -0.971632 1.000000 0.487564 1.000000 0.415620
