evaluations raw_y x0 x1 x2 x3 x4 x5 x6 x7 x8 x9 x10 x11 x12 x13 x14 x15 x16 x17 x18 x19 x20 x21 x22 x23 x24 x25 x26 x27 x28 x29 x30 x31
1 -479.1237484045 0.828140 0.260142 0.017866 -0.894205 -0.920023 0.466664 0.332702 0.693696 -0.705391 0.385741 0.296606 0.805754 -0.876679 -0.140908 -0.817375 0.222433 -0.406426 0.144013 0.566715 0.215483 -0.184290 0.901878 0.314920 -0.560544 0.989602 0.265541 0.755267 0.664617 -0.306046 -0.225673 0.948207 0.982907
8 -360.1146168428 0.790438 0.197140 -0.169955 -1.000000 -0.777987 0.516147 0.311724 0.871898 -0.642382 0.536336 0.293606 0.859376 -0.865733 -0.225285 -0.871962 0.107376 -0.390046 0.004077 0.548446 0.338798 -0.289429 0.991243 0.380876 -0.606337 1.000000 0.237470 1.000000 0.810659 -0.244513 -0.269074 0.885362 0.953869
11 -331.4382692564 0.742798 0.154790 -0.129265 -1.000000 -0.912438 0.510505 0.239329 0.941336 -0.633154 0.563741 0.122310 0.840709 -0.833101 -0.259552 -1.000000 0.151940 -0.497467 -0.063207 0.536624 0.304970 -0.294646 0.929347 0.454761 -0.699432 0.857910 0.237801 0.914068 1.000000 -0.201685 -0.264159 0.915724 0.930770
21 -301.2741260871 0.681840 0.231255 0.068858 -1.000000 -0.918208 0.530368 0.003282 1.000000 -0.620524 0.505671 0.180882 0.680368 -0.731229 -0.293170 -1.000000 0.331050 -0.525544 -0.181032 0.604973 0.324817 -0.437065 0.940964 0.437843 -0.625456 0.933061 0.307471 0.859586 1.000000 -0.150061 -0.361738 0.830683 0.980257
44 -288.8442713255 0.709306 0.298781 0.113624 -0.932424 -0.796703 0.461110 -0.126617 1.000000 -0.666310 0.407223 0.215592 0.522765 -0.682919 -0.305296 -0.868459 0.303076 -0.372047 -0.243609 0.670540 0.382642 -0.447446 0.900492 0.405472 -0.653655 0.928458 0.366206 0.829710 1.000000 -0.219503 -0.410344 0.879242 0.836593
57 -284.9846593962 0.810978 0.341423 -0.076300 -0.806766 -0.811838 0.492237 -0.013941 1.000000 -0.773265 0.365667 0.297496 0.600536 -0.579823 -0.291568 -0.862011 0.361953 -0.333662 -0.212303 0.801635 0.392925 -0.475993 0.757254 0.570361 -0.692443 0.923673 0.340268 0.696094 0.985292 -0.333224 -0.331459 0.783047 0.890299
84 -276.1119498603 0.824860 0.167291 0.003856 -0.781064 -0.860887 0.391935 0.017544 1.000000 -0.603403 0.392999 0.434300 0.542064 -0.676738 -0.259750 -0.747569 0.236929 -0.380044 -0.127197 0.843337 0.391105 -0.412464 0.703189 0.621766 -0.711449 1.000000 0.250635 0.621089 0.965899 -0.282366 -0.356048 0.787664 0.949694
109 -241.2121554542 0.838296 0.139204 0.043822 -0.809959 -0.683353 0.397732 0.062139 1.000000 -0.565954 0.344222 0.461226 0.506196 -0.604875 -0.126299 -0.796592 0.364166 -0.317074 -0.010450 0.781813 0.347664 -0.408853 0.766848 0.636257 -0.678010 1.000000 0.237180 0.712122 1.000000 -0.230831 -0.513112 0.799061 0.908399
141 -211.7967123914 0.951844 0.077916 0.122372 -0.719067 -0.713120 0.322716 0.152743 1.000000 -0.661386 0.394125 0.545512 0.547729 -0.698479 -0.050816 -0.863965 0.455792 -0.292055 -0.270329 0.975355 0.323547 -0.484063 0.715660 0.586248 -0.451711 1.000000 0.189729 0.827852 0.915508 -0.359387 -0.447528 0.708833 0.766472
322 -208.5670395568 1.000000 0.076586 0.179146 -0.725121 -0.655168 0.344412 0.128815 1.000000 -0.696592 0.446306 0.486888 0.523340 -0.755079 -0.158595 -0.923877 0.553557 -0.278912 -0.337272 0.906536 0.293509 -0.530588 0.625962 0.562014 -0.485856 0.965658 0.249223 0.662878 0.953935 -0.423976 -0.385805 0.640100 0.788002
325 -195.0261140949 1.000000 0.094994 0.142272 -0.771522 -0.634012 0.405479 0.052415 1.000000 -0.692770 0.567139 0.405539 0.472106 -0.748995 -0.274065 -0.936116 0.585430 -0.328770 -0.405035 0.831549 0.341485 -0.630067 0.603964 0.621620 -0.521966 1.000000 0.273537 0.674140 0.833670 -0.422326 -0.477368 0.660672 0.764130
355 -192.9861347677 0.979658 0.040363 0.153299 -0.809372 -0.655404 0.393051 0.014016 0.971885 -0.761164 0.643183 0.489125 0.392159 -0.777115 -0.318655 -1.000000 0.482002 -0.304299 -0.513678 0.817918 0.341041 -0.613499 0.604617 0.614244 -0.476237 1.000000 0.248193 0.689666 0.825682 -0.363070 -0.470173 0.688202 0.873912
357 -115.1896049083 0.940243 0.039922 0.115217 -0.632578 -0.746851 0.483006 -0.019348 0.902576 -0.854809 0.783867 0.632794 0.314973 -0.851888 -0.321594 -0.994756 0.524443 -0.270546 -0.480362 0.714464 0.368067 -0.619795 0.760909 0.656734 -0.344673 1.000000 0.389212 0.567619 0.747426 -0.381236 -0.376867 0.580226 0.873222
367 -45.8419700300 1.000000 0.160421 0.207232 -0.663988 -0.793931 0.547923 -0.031405 0.828669 -0.778954 0.681499 0.737939 0.320645 -0.928914 -0.392174 -1.000000 0.519374 -0.237447 -0.528821 0.841438 0.455267 -0.670806 0.670892 0.717723 -0.440862 1.000000 0.367405 0.564367 0.737656 -0.407678 -0.617901 0.525532 0.823975
427 5.2142412526 1.000000 0.181544 0.361022 -0.705933 -0.664061 0.368345 0.116301 0.596174 -0.715480 0.786255 0.685173 0.387959 -1.000000 -0.378651 -1.000000 0.427472 -0.014329 -0.579436 0.772430 0.289699 -0.627343 0.836108 0.553745 -0.479613 1.000000 0.325789 0.612863 0.725219 -0.344626 -0.465495 0.646215 1.000000
654 33.2001290404 1.000000 0.166898 0.495365 -0.574143 -0.736401 0.460105 0.375682 0.627782 -0.463479 0.661952 0.734419 0.334112 -0.847150 -0.448435 -1.000000 0.592384 0.128512 -0.653433 0.901139 0.208846 -0.426851 0.888144 0.416182 -0.600195 1.000000 0.432840 0.717428 0.842241 -0.359968 -0.682099 0.718261 1.000000
1500 43.9702864241 0.898723 0.235226 0.490030 -0.429882 -0.635548 0.394746 0.308415 0.653611 -0.369364 0.509361 0.712998 0.251320 -0.770619 -0.488594 -1.000000 0.519188 0.126788 -0.666281 0.986858 0.312403 -0.477555 0.809605 0.376851 -0.601910 0.956863 0.320934 0.690060 0.680255 -0.263476 -0.661571 0.847888 0.989969
1973 46.8910773179 0.871875 0.180125 0.368936 -0.339675 -0.598681 0.626956 0.265674 0.706128 -0.432094 0.495037 0.644328 0.188536 -0.802213 -0.521666 -1.000000 0.637855 0.360886 -0.878894 1.000000 0.473425 -0.556880 0.756853 0.385395 -0.597896 0.832410 0.440923 0.709388 0.838853 -0.021492 -0.634153 0.727167 0.954898
1999 -401.6283842505 0.905743 0.291784 0.178927 -0.393010 -0.384930 0.332993 0.091651 0.744391 -0.421589 0.250322 0.656477 0.300780 -0.553337 -0.312716 -0.694763 0.579193 0.449686 -0.696795 1.000000 0.612451 -0.386934 0.665209 0.481236 -0.671028 0.771948 0.346440 0.691112 1.000000 -0.180234 -0.799995 0.676419 0.587451
