evaluations raw_y x0 x1 x2 x3 x4 x5 x6 x7 x8 x9 x10 x11 x12 x13 x14 x15 x16 x17 x18 x19 x20 x21 x22 x23 x24 x25 x26 x27 x28 x29 x30 x31
1 -435.9074825973 0.096500 0.594443 -0.987782 0.431322 0.067427 -0.470888 0.411810 0.052982 0.484153 0.136201 0.553358 -0.655578 -0.424989 0.031041 -0.023031 0.913774 0.568027 -0.978941 -0.353237 -0.297017 0.639236 0.391994 0.591057 -0.833079 0.945585 0.970605 0.433942 -0.655561 -0.087023 -0.250158 0.925941 -0.644850
2 -128.2920336351 0.621258 -0.009644 -0.629281 -0.373595 0.485602 -0.815495 0.064045 -0.798230 0.686509 0.961811 -0.093605 -0.512734 -0.570547 0.682538 0.433208 0.692260 0.070745 -0.896010 -0.657133 -0.529907 -0.147531 0.674429 0.455914 -0.517776 -0.556739 0.119107 0.656276 -0.029470 0.396705 0.691676 0.196748 0.166465
5 -28.2850159246 0.565407 0.796602 -0.620298 0.447790 0.180645 -0.195710 -0.751009 0.781712 0.704740 0.116118 -0.312671 0.629912 -0.128193 -0.062079 -0.126610 0.765455 -0.465149 -0.164474 -0.787299 0.376172 -0.420899 -0.287639 0.325464 -0.647401 -0.500462 0.266070 0.760425 0.613878 0.690554 -0.761225 -0.034918 -0.000055
39 -3.0225584714 -1.000000 0.358967 -0.441157 1.000000 0.022960 -1.000000 -0.214803 0.333673 -0.648088 0.902638 -0.726860 0.115633 -0.375144 0.344942 -0.508453 -0.381279 0.212383 0.031440 -0.742962 -0.048749 -0.883040 -1.000000 -0.583121 1.000000 -0.837893 0.681775 -0.385219 -0.403242 -0.489610 0.416181 0.043661 0.479202
83 13.7556741610 0.194272 0.377004 -0.619458 0.859503 -0.696915 0.368830 -0.692232 -0.530760 -0.876363 -0.962696 -0.553229 0.271858 -0.109393 -0.305982 0.414057 -0.560339 0.499326 -0.925274 -0.911473 -0.070336 0.598054 -0.743521 0.802383 1.000000 0.327215 -0.252386 0.384535 0.473781 -0.889343 0.307865 0.619413 0.084673
137 47.2360820168 0.275456 1.000000 -0.032286 1.000000 0.284591 -0.837237 -1.000000 -0.273044 0.115551 1.000000 -1.000000 -1.000000 0.519872 1.000000 1.000000 -0.011691 0.200707 -1.000000 -1.000000 -0.537322 -1.000000 -1.000000 0.972181 -0.756115 -1.000000 1.000000 -0.571609 -0.160313 1.000000 -0.310450 -0.962977 -0.115211
219 185.3980377371 0.217825 -0.101925 0.527707 1.000000 0.509215 -0.785895 -0.106675 -1.000000 -0.152375 1.000000 -0.369309 -1.000000 0.311265 1.000000 -0.508453 -0.086912 0.855721 -1.000000 -0.542005 -1.000000 0.432561 1.000000 -0.149607 0.439849 0.465269 -0.638987 0.198457 -0.181081 -0.489610 0.999465 -0.338009 0.288538
512 276.6397789323 -1.000000 1.000000 0.581876 1.000000 1.000000 -0.068022 -0.599456 -0.267086 -0.482893 0.577085 -0.675358 -0.976575 0.741447 0.673205 -1.000000 -0.702773 1.000000 -1.000000 -1.000000 -0.518666 -0.524947 -0.533726 0.638282 1.000000 1.000000 1.000000 0.198457 -1.000000 -0.791548 0.327562 1.000000 0.796954
1000 -161.5691499401 0.891771 0.255641 0.527707 1.000000 0.436196 -0.435691 -0.379723 0.414962 -0.246673 0.743280 -0.369309 -1.000000 -0.185547 0.997630 0.397750 0.348970 0.275305 -0.840555 -0.950294 -0.952614 0.569477 0.051645 -0.152321 -0.118409 0.465269 0.930561 1.000000 -1.000000 0.248502 0.954309 0.378376 0.501637
