evaluations raw_y x0 x1 x2 x3 x4 x5 x6 x7 x8 x9 x10 x11 x12 x13 x14 x15 x16 x17 x18 x19 x20 x21 x22 x23 x24 x25 x26 x27 x28 x29 x30 x31
1 -328.7312181256 -0.387536 -0.469873 -0.607880 -0.138957 -0.953773 -0.608436 -0.294389 -0.553516 0.227044 0.160914 0.707135 -0.917739 -0.023651 0.841652 -0.781796 -0.177887 -0.059746 -0.745407 0.964710 -0.959368 0.410972 0.931018 -0.294509 0.211790 -0.565239 0.983939 0.338359 0.386079 -0.649058 0.660898 -0.507624 0.208391
2 -43.8209458200 0.637024 -0.164507 -0.877062 0.814508 0.467731 -0.239268 -0.211617 0.757207 -0.776341 -0.131426 0.137123 -0.960758 -0.269707 -0.060922 -0.509467 0.099300 -0.127730 0.863502 -0.410216 -0.157532 -0.500369 -0.115931 0.166772 0.520417 0.466856 0.444202 0.477010 0.023484 -0.479717 0.541363 0.012853 -0.269164
118 5.6105627354 -0.349662 0.077484 -1.000000 -1.000000 0.572385 -0.140535 -0.078696 -0.699275 0.216992 -1.000000 0.616265 -0.178286 -0.392836 0.293008 -0.926423 0.485532 0.289514 -0.906677 0.562063 -1.000000 0.805552 1.000000 0.124527 0.898910 -1.000000 0.926640 -0.583918 1.000000 0.598438 -0.284978 -0.450473 -0.446051
123 20.9849980432 -1.000000 1.000000 0.860338 -0.510629 0.844410 -0.674024 -1.000000 -0.093149 -0.038159 -1.000000 0.118595 -0.893729 -1.000000 0.275491 -1.000000 1.000000 0.017320 1.000000 0.518597 -1.000000 1.000000 1.000000 -0.463178 0.175180 -0.858103 0.009103 0.295102 0.284387 -0.243959 -0.787839 -0.869724 1.000000
152 24.8647100538 0.337758 -0.164507 -1.000000 -0.369757 0.467731 -1.000000 -0.211617 -1.000000 -0.776341 -0.131426 0.966497 -0.960758 -0.269707 0.381486 -0.826341 1.000000 -0.231092 0.260445 -0.410216 -0.157532 1.000000 1.000000 -0.475018 -0.405674 0.466856 0.444202 0.477010 0.023484 1.000000 -0.771473 0.012853 -0.269164
377 28.6777310823 -0.023589 1.000000 1.000000 -1.000000 1.000000 -1.000000 -1.000000 -0.192306 -0.406866 -0.397178 0.820924 -0.384472 -1.000000 -0.727829 -0.876097 1.000000 -0.286561 1.000000 1.000000 -0.598568 0.111165 1.000000 -0.838501 -0.201845 -1.000000 -0.836741 1.000000 0.745776 -0.899003 -1.000000 -0.546702 1.000000
409 45.1437260769 -1.000000 -0.237433 0.751451 0.929164 0.795842 -0.156522 0.471472 0.132004 1.000000 0.072399 0.415755 -0.094953 -0.913207 0.324989 -1.000000 0.485203 0.189821 0.876046 0.903567 0.113549 -0.054169 -0.418103 -0.459128 -1.000000 -0.381303 0.011503 0.297661 -0.809403 -0.841687 -0.049346 -0.243784 0.681483
490 45.6618244366 0.720842 -0.369830 -1.000000 -0.280894 1.000000 0.126570 -0.606061 -0.887547 0.965023 1.000000 1.000000 0.057376 -0.013324 -0.081355 -1.000000 0.582555 0.966155 -1.000000 0.556110 -0.443836 0.473494 0.291726 -0.515077 0.413055 -0.626358 0.944599 -0.358531 0.423263 0.305812 -0.631159 -0.168936 0.434962
610 204.2865149231 0.308840 0.110213 -0.771154 -1.000000 0.939868 0.126570 -1.000000 -0.672234 0.392397 1.000000 0.728392 -0.504961 0.348119 0.719703 -0.930653 0.525399 1.000000 -0.940139 -0.295666 0.408456 0.814952 -0.025733 -0.515077 -0.304418 -0.937235 0.584373 1.000000 0.423263 0.222323 1.000000 -0.330017 0.868393
925 223.4459786620 0.996679 -0.284233 -0.217139 -0.431565 1.000000 0.424702 0.093187 -0.025906 -0.449336 -0.798295 0.961442 -1.000000 0.043798 0.510645 -0.926320 -0.488283 -0.319173 -0.145302 -1.000000 0.701448 -0.386832 -0.364489 -0.985932 -0.000651 0.123740 0.920977 0.899740 1.000000 1.000000 1.000000 -0.015798 -0.592189
1057 238.6183541569 -1.000000 -0.245503 0.695017 -0.185819 0.705221 -0.222390 -1.000000 -0.125379 0.956745 0.636572 0.388105 -0.014395 0.699455 0.219766 -0.998957 0.475372 0.014616 0.884297 1.000000 -0.233775 0.071566 -0.576974 -0.301402 -0.703260 -0.396781 0.095906 -0.092932 -0.667180 1.000000 -0.366220 -0.273488 0.357343
1660 239.1322071516 0.308840 -1.000000 -1.000000 -0.122051 1.000000 1.000000 -0.056311 -0.472062 -0.222624 0.245686 0.973830 -0.504961 1.000000 1.000000 -0.930653 -1.000000 0.721550 -1.000000 -1.000000 1.000000 -0.520119 -1.000000 -0.823074 -0.096006 0.179736 1.000000 1.000000 0.423263 1.000000 1.000000 -0.064523 -1.000000
1852 242.5820280621 -0.171180 -1.000000 -1.000000 -0.509870 0.944100 0.996277 0.096078 -0.447173 -0.011960 0.155619 0.941726 -1.000000 0.896832 1.000000 -1.000000 -1.000000 0.925992 -0.819756 -1.000000 0.937040 0.396740 -0.865979 -0.682299 0.010229 0.419070 1.000000 1.000000 0.830270 1.000000 1.000000 0.392626 -1.000000
1939 260.7336134512 -0.838460 0.333577 0.213558 -0.317117 0.996709 0.085467 -0.856141 0.027081 0.584681 0.119525 0.543726 -0.387282 0.504499 0.172286 -0.923529 0.479773 -0.904831 -0.908038 0.347372 -0.104088 -0.087243 -0.722224 -0.308354 -0.704446 -0.875306 0.980770 0.735496 0.650965 0.542281 -0.310614 -0.073547 1.000000
1941 270.7485887441 -0.039487 -1.000000 -0.957369 -0.439950 0.944100 0.917512 -0.139139 -0.633710 -0.346348 0.191047 0.832403 -0.992962 0.896991 0.988243 -1.000000 -1.000000 1.000000 -0.383957 -1.000000 0.836403 0.804890 -0.430180 -0.682299 0.010229 0.419070 0.835408 1.000000 -0.769883 1.000000 0.993084 0.543480 -1.000000
2471 287.2194710489 -1.000000 -0.502604 -0.232381 -0.078443 1.000000 1.000000 -0.498494 -1.000000 0.217435 1.000000 0.280727 -0.203515 1.000000 1.000000 -0.989597 -1.000000 0.176888 -1.000000 -1.000000 1.000000 -0.637669 -1.000000 -0.834329 -0.586028 0.708147 0.701906 1.000000 -0.380167 0.461713 -0.213849 -0.434159 0.273751
3724 289.6423893510 -1.000000 -1.000000 0.742385 -0.377056 1.000000 0.837950 -0.459541 -0.902677 0.100737 0.410483 0.095063 -0.623193 1.000000 1.000000 -1.000000 -0.499884 -1.000000 -1.000000 -1.000000 0.881363 -0.533769 -0.875720 -1.000000 -0.613178 0.784253 0.548360 0.962413 -0.004288 0.508560 -0.517311 -0.477843 1.000000
5294 299.4689353528 -1.000000 -0.571155 -0.143011 0.204945 0.979288 1.000000 -0.340349 -1.000000 0.157806 0.528685 1.000000 -0.113163 1.000000 0.882821 -0.991677 -0.965770 -0.181077 -1.000000 -0.935608 0.964932 -0.376890 -0.993775 -1.000000 0.078616 1.000000 0.096266 1.000000 -0.884592 1.000000 -1.000000 -0.404977 -0.457176
