evaluations raw_y x0 x1 x2 x3 x4 x5 x6 x7 x8 x9 x10 x11 x12 x13 x14 x15 x16 x17 x18 x19 x20 x21 x22 x23 x24 x25 x26 x27 x28 x29 x30 x31
1 -164.8616934161 0.295382 0.993827 0.037607 0.316225 0.198127 0.506135 -0.727506 -0.991766 -0.700982 0.396878 0.186705 0.799831 -0.111085 -0.366430 0.846164 -0.068276 0.596729 -0.601683 0.629038 -0.713051 0.366970 -0.886768 0.567351 0.473134 0.540889 -0.626649 -0.900049 0.779962 -0.652654 0.546359 -0.433121 0.311934
8 -76.8001162464 0.350171 1.000000 -0.040181 0.526850 0.305412 0.497331 -0.781861 -1.000000 -0.651511 0.394061 0.191143 0.946555 -0.179042 -0.467761 0.695684 0.093874 0.547351 -0.768763 0.667990 -0.816404 0.239822 -1.000000 0.585857 0.889590 0.592243 -0.566641 -0.766692 0.764292 -0.475073 0.580836 -0.495820 0.196465
15 50.1372607772 0.204528 0.828337 -0.086941 0.744615 0.327827 0.480152 -0.666724 -1.000000 -0.635865 0.342570 0.165941 0.948590 -0.167264 -0.617171 0.636150 -0.241775 0.372714 -0.683728 0.510544 -1.000000 0.146219 -0.827060 0.348671 0.769500 0.628078 -0.385272 -0.295174 1.000000 -0.636232 0.712990 -0.549824 0.175045
438 54.0062106795 0.759714 0.904405 -0.293793 0.726283 0.384960 0.225647 -0.523278 -0.949476 -0.770075 0.169207 -0.154095 0.951549 -0.512392 -0.515367 1.000000 0.025764 0.757710 -0.661707 0.780808 -0.318244 0.185874 -1.000000 0.233609 0.826614 1.000000 -0.371370 -0.867709 0.449924 -0.497802 0.329450 -0.573419 0.021224
1572 54.9378442066 1.000000 0.850490 -0.108207 0.827051 0.255631 -0.017315 -0.600916 -0.755014 -0.813648 0.075657 -0.163328 0.897248 -0.521309 -0.454207 0.986460 0.223909 0.826741 -0.664566 0.541847 -0.234785 0.220790 -0.915051 0.133712 0.786682 0.834453 -0.519676 -0.953873 0.581766 -0.710008 0.353558 -0.511526 -0.022124
2038 85.5851255847 1.000000 0.756395 -0.113496 0.795656 0.229639 0.186577 -0.657844 -0.863486 -0.765384 0.036081 -0.147357 0.782332 -0.523598 -0.380279 1.000000 0.056303 0.863449 -0.816379 0.641997 -0.242919 0.005544 -0.973065 0.039686 0.755839 0.944376 -0.533806 -0.972167 0.403890 -0.661924 0.443994 -0.549477 0.160197
4531 278.9249629550 1.000000 1.000000 0.150052 1.000000 1.000000 -0.907699 -1.000000 -1.000000 -0.937839 -0.551564 0.550997 1.000000 -0.251011 0.220441 1.000000 1.000000 1.000000 -0.822659 0.881665 -0.827643 -0.124577 -1.000000 0.154955 0.566645 1.000000 -1.000000 -1.000000 0.734211 -1.000000 0.167685 -0.208710 -0.104089
28672 299.3778798297 1.000000 1.000000 1.000000 -1.000000 1.000000 1.000000 -1.000000 1.000000 1.000000 1.000000 1.000000 -1.000000 1.000000 1.000000 -1.000000 -1.000000 1.000000 -1.000000 1.000000 -1.000000 -1.000000 1.000000 1.000000 1.000000 1.000000 -1.000000 1.000000 -1.000000 1.000000 -1.000000 -1.000000 -1.000000
120013 -439.2795503174 -1.000000 -1.000000 1.000000 1.000000 1.000000 1.000000 -1.000000 -1.000000 -1.000000 -1.000000 1.000000 1.000000 1.000000 -1.000000 1.000000 -1.000000 1.000000 -1.000000 -1.000000 -1.000000 1.000000 1.000000 -1.000000 1.000000 1.000000 1.000000 1.000000 -1.000000 -1.000000 1.000000 -1.000000 -1.000000
