evaluations raw_y x0 x1 x2 x3 x4 x5 x6 x7 x8 x9 x10 x11 x12 x13 x14 x15 x16 x17 x18 x19 x20 x21 x22 x23 x24 x25 x26 x27 x28 x29 x30 x31
1 -361.6432874450 0.114077 -0.889658 -0.472025 0.718808 -0.159628 -0.955364 -0.945802 -0.433707 -0.559921 0.418526 0.035668 0.099925 0.537048 0.914591 -0.504129 -0.410180 -0.160828 -0.550535 0.188316 -0.084575 -0.992235 0.995427 -0.078664 -0.866970 -0.831316 0.851404 -0.037374 0.491856 -0.545663 0.047048 -0.238140 0.551256
7 -198.2708706219 0.126613 -0.764203 -0.757994 0.941364 0.890028 -0.778142 0.221456 0.473094 0.443977 -0.447104 0.289621 -0.572315 -0.693228 -0.966878 -0.214412 0.164740 0.335427 0.406692 -0.874234 0.984512 -0.816675 -0.534144 0.955431 0.687714 -0.237848 0.794817 -0.197632 0.759444 -0.655866 -0.125158 -0.405203 -0.038653
10 -173.0527444991 -0.647923 -0.386615 0.223944 -0.134211 0.618818 0.059432 -0.436246 -0.351950 -0.636858 -0.482830 -0.123942 0.858367 -0.388644 -0.151834 0.742039 -0.408155 0.528492 -0.838929 0.803819 0.871364 0.393018 -0.505112 0.570366 0.742966 -0.969075 -0.431854 0.738390 0.756005 -0.908771 0.812488 -0.070637 -0.739461
12 -99.6276669890 0.627584 0.804845 -0.520778 0.642096 0.540377 -0.407379 -0.812748 0.158046 -0.673461 0.307287 -0.388788 0.854750 -0.150699 0.139691 0.051073 0.532221 0.451500 0.570816 -0.684028 0.208967 0.078239 -0.112888 0.828097 -0.120843 -0.956558 -0.246974 -0.392143 -0.276612 0.267557 -0.193379 -0.683469 0.785900
38 -88.5191029746 0.266260 0.196461 -0.012111 -0.698806 -0.981800 0.024852 0.132768 0.411298 -0.656582 -0.150349 -0.313459 0.163972 -0.470962 0.225826 0.127437 0.376743 -0.398312 -0.165795 0.917951 0.417025 -0.483898 -0.112153 0.638508 0.304526 0.333802 0.969046 -0.484638 0.119903 -0.007091 -0.627947 -0.703186 0.919529
39 21.6376825797 -0.635834 0.807708 0.717156 -0.081243 0.701309 -0.641989 -0.018503 0.112614 0.579728 -0.868428 0.595659 -0.468142 -0.704309 0.458274 0.547877 -0.289617 0.970652 0.770444 0.996928 0.138438 0.845310 0.511425 -0.063638 -0.873996 0.915014 0.162635 0.228679 -0.881263 0.168651 0.785745 0.922549 -0.080731
66 32.9783901406 -0.682862 0.337371 0.885753 0.670161 0.323684 -0.541826 -0.317869 0.340236 0.732870 0.158599 0.498598 -0.155302 -0.435855 -0.431166 -0.732065 -0.089635 -0.751787 -0.339834 0.687479 -0.910228 0.241687 -0.103024 -0.114889 0.777454 0.516932 -0.510599 -0.890382 -0.279191 -0.290175 -0.494533 -0.153791 -0.596208
377 271.2185944758 0.057418 0.729474 0.135609 0.390405 0.859836 0.676832 -0.519219 0.513273 0.703548 0.031096 -0.985314 -0.004175 0.493908 0.606356 -0.363018 0.279764 -0.324257 0.270674 0.754316 0.041224 -0.017016 -0.524825 0.302999 -0.140122 0.061339 -0.342340 -0.305492 -0.241852 0.431733 0.750951 0.507734 -0.991487
1000 -109.7311256905 0.272089 -0.832352 0.227732 0.464809 0.706295 0.454557 0.018399 -0.659977 -0.578768 0.154302 0.282977 -0.476151 0.944367 0.654187 0.778173 -0.248257 0.651021 0.194797 -0.313739 -0.144410 0.774972 0.384101 0.093604 -0.652072 -0.192104 0.584364 0.411346 0.744067 -0.795697 0.264092 0.248063 -0.672342
