evaluations raw_y x0 x1 x2 x3 x4 x5 x6 x7 x8 x9 x10 x11 x12 x13 x14 x15 x16 x17 x18 x19 x20 x21 x22 x23 x24 x25 x26 x27 x28 x29 x30 x31
1 -163.3979188401 -0.838065 0.889805 0.503326 -0.041098 -0.686271 -0.000716 -0.261306 0.093432 -0.704349 0.182736 0.027606 0.125654 -0.143289 -0.344986 -0.106626 -0.151205 -0.210207 -0.649197 -0.241621 0.550868 -0.415483 -0.418129 0.803040 -0.022081 0.607644 -0.498721 0.870261 0.671288 -0.924891 0.740315 0.044024 -0.659216
9 -100.7713832177 0.328136 -0.036236 -0.363949 -0.203822 0.872638 0.809349 -0.071838 0.699581 0.188005 0.635655 -0.352616 0.800561 0.150970 -0.055560 -0.343008 -0.246440 0.407619 -0.950198 0.210198 0.798725 -0.026250 -0.404511 0.778884 -0.769868 0.930397 -0.381726 0.777250 0.270535 0.481496 0.533350 -0.381116 -0.655024
45 -48.7772526206 -0.926531 -0.055419 0.423810 0.480108 0.869275 -0.938944 0.180319 0.367571 -0.764828 0.823914 -0.833711 0.655873 0.009873 0.555881 -0.187337 0.988738 -0.496351 -0.706984 0.245499 0.309807 -0.203582 -0.829354 -0.545855 0.118925 -0.182424 -0.487662 -0.249509 -0.236330 -0.577130 -0.458637 -0.623887 -0.122883
47 -22.3004352415 0.482990 0.209402 -0.421113 0.041187 0.674126 0.991346 -0.315202 -0.484546 -0.419793 -0.790347 0.985163 0.350458 0.920334 0.524578 -0.153699 0.580407 0.637911 -0.546111 -0.381974 0.629124 0.663685 -0.122039 -0.669298 -0.123874 0.750000 -0.605701 -0.293866 -0.271690 0.976196 0.297702 -0.928898 0.108362
111 -12.0193260790 0.086726 -0.566734 -0.750302 -0.770343 0.716532 -0.611564 -0.474297 0.526998 -0.362051 -0.615050 -0.509085 -0.854353 0.426668 0.636542 0.601211 -0.310797 -0.362344 0.213141 0.374726 0.906918 -0.982290 0.634172 0.646185 0.753828 -0.294655 -0.906090 0.961221 -0.508882 -0.423159 0.997679 -0.172120 -0.259122
184 168.0277359146 0.243438 -0.201764 -0.512895 -0.707708 0.681351 0.355843 -0.026025 -0.416066 -0.231091 0.422567 0.819026 -0.273297 0.218246 0.019266 -0.736082 -0.554258 -0.123288 -0.314725 -0.694982 0.950863 0.424916 -0.007742 0.702028 0.445554 -0.502619 0.894368 0.411012 0.433725 0.754722 0.795597 0.625187 0.851387
453 180.3887312709 -0.471674 0.113065 -0.155255 -0.092927 0.655879 -0.877902 -0.701995 -0.717132 0.081730 0.145185 0.633381 0.251852 0.340978 -0.582569 -0.954125 0.216431 -0.299855 -0.226378 0.554720 -0.299415 0.981252 -0.380381 0.133308 0.367566 -0.532450 0.019965 0.890897 -0.365058 0.755097 -0.516045 -0.119532 -0.408116
824 218.2351459535 0.561375 0.630547 0.482153 -0.704667 0.372621 -0.183497 -0.412848 -0.352544 0.851032 0.166586 0.261715 -0.979528 0.419915 -0.207223 -0.615480 -0.363294 0.920036 -0.738064 -0.845900 -0.177052 0.533908 -0.615832 -0.822751 0.596970 -0.581985 -0.071647 0.968560 0.662871 0.962604 -0.218490 -0.703060 -0.300512
1000 -506.3138400185 -0.245276 -0.158643 0.582817 -0.559722 0.090187 0.351547 -0.247801 -0.392927 -0.276458 0.994246 -0.426507 -0.492803 0.509882 0.053539 -0.554492 0.368986 -0.340149 0.956472 0.126373 -0.975034 -0.168734 -0.060610 -0.776429 -0.412432 0.925900 -0.239904 0.005904 0.538173 0.882996 -0.837644 0.228788 0.729480
