evaluations raw_y x0 x1 x2 x3 x4 x5 x6 x7 x8 x9 x10 x11 x12 x13 x14 x15 x16 x17 x18 x19 x20 x21 x22 x23 x24 x25 x26 x27 x28 x29 x30 x31
1 -263.2158341627 -0.780993 0.204971 0.859906 -0.848393 0.924391 -0.016082 0.988279 0.018121 0.315671 0.386367 0.195575 0.455564 0.958915 0.975419 -0.417180 -0.292965 -0.098354 -0.573136 0.531874 -0.797081 0.644935 0.771831 0.149649 0.690148 0.732856 0.175077 -0.131611 -0.405906 0.624853 0.906324 -0.693138 -0.609411
2 -130.3295474711 -0.084611 -0.788874 0.813659 -0.946077 0.900546 0.408948 0.408211 -0.373625 0.614516 -0.248418 -0.825711 0.206939 -0.552647 0.288041 0.011976 0.801743 -0.334168 -0.723784 -0.958361 0.201963 -0.682080 -0.396846 0.659620 -0.024466 -0.262638 -0.993519 -0.156380 0.496562 0.265220 0.732690 -0.467709 -0.382086
5 -129.2688647590 -0.171312 0.019444 0.527458 0.104131 0.502942 -0.849126 -0.159040 -0.813618 0.563458 -0.136186 0.077137 0.692689 0.189958 0.730040 0.456116 0.809582 0.201084 0.144282 0.074820 -0.041922 0.617077 -0.609612 0.992115 -0.810460 0.107622 -0.437792 0.054289 -0.309120 0.563178 -0.781331 -0.090651 0.745498
11 -125.6655009366 -0.019954 -0.774660 0.262715 -0.263058 0.628698 -0.167677 0.451762 -0.550092 0.524577 0.484205 0.458713 0.054729 -0.669496 0.242375 0.048948 -0.352828 -0.772139 -0.826288 0.614927 0.086898 0.089286 0.906348 0.369521 -0.132633 -0.413064 -0.160338 0.772585 0.656303 -0.561638 0.151043 0.943920 -0.815625
33 -123.3078556421 -0.099556 0.248692 0.111606 0.565227 -0.097290 -0.451534 -0.348675 -0.788075 0.116051 0.016689 -0.174895 0.740297 -0.464112 0.681194 0.904406 -0.006797 -0.668577 -0.354759 -0.358093 0.859671 -0.834609 -0.176451 0.143086 0.735170 0.130345 0.294294 -0.408514 0.102994 -0.811807 -0.013860 0.890643 0.419688
40 -29.4148680820 -0.981636 -0.920088 0.940202 0.100590 -0.037011 0.918731 -0.987182 0.420319 0.807854 0.598169 0.451760 -0.611180 -0.038221 -0.030791 -0.621207 0.485746 -0.012230 -0.831115 -0.697930 0.499200 0.229536 0.177420 0.336347 0.830149 -0.219882 -0.018110 0.979363 -0.468871 0.501217 0.384801 -0.067032 0.556296
54 22.3271871779 -0.358251 0.585095 0.692313 -0.676424 0.381663 0.346449 -0.996917 -0.914689 -0.867307 0.759419 0.991423 -0.709287 -0.472597 0.434439 0.416393 -0.823775 0.529557 -0.734849 -0.837604 0.035252 0.372575 -0.703296 -0.175508 0.637313 -0.925156 -0.596058 -0.972011 0.536852 0.367519 0.210067 -0.174172 -0.570249
564 27.7472667776 0.092848 -0.228496 -0.863521 0.784834 0.359344 -0.422934 -0.454971 -0.389525 -0.898314 -0.514413 0.954676 -0.142912 0.254828 -0.435897 0.254255 0.745552 0.815542 -0.644102 -0.820678 -0.564773 -0.385996 -0.087966 0.059196 0.245608 0.211788 -0.593235 -0.072045 -0.261183 0.472073 -0.351576 -0.842626 0.434730
1000 -1120.6841772214 -0.882925 0.501232 0.111556 0.312548 -0.477438 -0.953916 0.092642 -0.749672 -0.898695 -0.387872 -0.511890 -0.156267 -0.387036 0.984537 0.840670 -0.855308 0.985468 -0.051649 -0.947666 -0.714026 -0.061897 -0.362876 0.570189 -0.607906 -0.524396 0.244709 -0.689667 -0.996994 0.279614 0.316930 -0.544440 -0.897392
