evaluations raw_y x0 x1 x2 x3 x4 x5 x6 x7 x8 x9 x10 x11 x12 x13 x14 x15 x16 x17 x18 x19 x20 x21 x22 x23 x24 x25 x26 x27 x28 x29 x30 x31
1 -293.2045168423 0.677272 0.414379 0.565623 0.358783 0.401478 -0.335229 0.522120 0.822073 -0.215588 0.496382 -0.508638 0.597443 -0.380315 0.375492 -0.491294 0.342738 -0.671459 -0.345669 -0.372166 -0.957736 -0.466560 0.423581 -0.318022 -0.031754 0.556192 0.398047 0.601527 0.534403 -0.299813 -0.259440 0.698572 0.547387
2 -277.2823790821 0.558354 -0.993255 0.267640 0.312868 -0.885509 0.198990 0.252089 0.711535 0.607876 0.709799 -0.178610 -0.532773 0.123214 -0.712066 -0.366047 0.062262 -0.236428 -0.783974 0.824743 -0.404413 -0.963884 -0.160779 -0.363059 -0.981766 0.580054 -0.175377 -0.475068 0.316555 0.041830 0.633324 0.822504 0.850124
5 -109.1753693081 -0.371100 0.586251 0.825782 -0.202458 -0.189383 -0.404642 -0.017894 -0.034774 -0.672752 0.795471 0.052759 -0.819598 -0.882168 0.922976 -0.178907 -0.038480 0.500257 0.811100 0.178558 -0.804648 0.315211 -0.742766 -0.771809 0.479115 0.216171 0.826289 0.963997 0.443841 -0.271514 0.324446 0.470381 0.703405
42 -87.4990683728 -0.157737 -0.133569 -0.380444 -0.922446 -0.073880 -0.050033 -0.568645 -0.989952 0.446296 0.586647 -0.561831 -0.798032 0.082271 0.656198 -0.015790 0.988702 0.448015 0.679594 0.608251 -0.293821 -0.173651 -0.782708 0.943551 -0.638842 -0.189946 0.117696 -0.768660 -0.208862 0.866328 -0.768995 0.821757 -0.610996
80 -83.8085555033 0.669718 -0.511420 0.921256 0.065894 0.330106 -0.705564 -0.150853 0.097476 0.679453 -0.188002 -0.340920 -0.140156 -0.640666 0.214803 0.797452 0.488490 -0.674108 0.026016 0.838868 0.645239 -0.951533 0.254097 -0.303358 -0.192379 0.506058 -0.038879 -0.911939 0.246852 -0.738037 0.523022 0.410725 0.751334
98 -71.2753662290 0.487221 0.182472 0.020616 -0.663993 0.723810 -0.807176 0.373100 -0.662325 0.164302 -0.745280 0.377794 -0.772912 -0.082542 -0.689108 -0.961019 0.491123 -0.604882 -0.209186 -0.381587 -0.564764 0.237807 -0.711410 -0.564402 -0.563010 0.000940 0.798165 -0.993102 -0.678466 0.226557 0.743371 0.956714 0.908880
102 -58.9675238021 -0.222103 -0.954362 0.635749 0.728116 -0.597823 0.882970 0.112730 0.293094 -0.643021 0.474362 -0.478771 -0.071137 -0.276742 0.512372 0.424610 0.101905 0.565245 0.200319 -0.630253 0.423497 0.728102 -0.525787 -0.878814 0.615797 0.030102 0.307169 -0.108313 0.921194 0.802029 -0.903914 -0.195748 -0.332217
154 202.0971268153 -0.893995 0.091730 -0.139839 -0.422485 0.929043 -0.198753 -0.622484 -0.768120 0.023875 -0.983611 0.805808 -0.028108 0.469617 0.781461 -0.575690 -0.166321 -0.438809 -0.443304 0.251485 0.431808 -0.074924 0.627838 0.377050 -0.175892 0.451555 -0.249809 -0.557601 -0.624817 0.166418 -0.664586 -0.808203 -0.608160
1000 -164.1487274466 -0.439624 0.583259 0.048734 -0.604798 0.012366 0.096701 -0.520417 0.295315 -0.158242 0.080527 0.304666 -0.354934 -0.975955 -0.864549 0.707955 -0.313667 -0.643665 -0.461812 0.098915 0.885080 -0.798938 -0.646621 -0.444975 0.918754 0.953816 -0.581571 -0.375805 -0.832634 0.852016 -0.506651 -0.308486 0.184847
