evaluations raw_y x0 x1 x2 x3 x4 x5 x6 x7 x8 x9 x10 x11 x12 x13 x14 x15 x16 x17 x18 x19 x20 x21 x22 x23 x24 x25 x26 x27 x28 x29 x30 x31
1 -728.7021716093 -0.726393 0.961405 -0.352651 -0.616831 -0.957985 0.738251 -0.229442 -0.301669 -0.401448 -0.176988 0.035310 -0.248273 0.731235 -0.751996 -0.520240 0.141734 0.190872 0.423504 0.517459 0.477292 -0.645496 -0.356895 -0.798014 -0.273988 -0.060309 0.722704 0.059648 -0.822663 -0.145044 0.934283 -0.382613 -0.346840
2 -481.2731274241 -0.746070 -0.414840 0.286901 0.345101 0.270742 0.974401 0.372597 0.258112 0.364092 -0.666525 -0.683073 0.372326 0.836413 -0.220590 -0.104618 0.158763 -0.303140 -0.782504 -0.857413 0.021910 -0.565599 0.680123 0.195456 -0.631457 -0.823945 0.484067 0.152761 0.595117 -0.337752 0.569354 0.145258 -0.685743
3 -111.4249652039 0.420263 -0.876996 -0.096938 -0.668814 -0.339844 -0.033013 -0.414298 0.903620 -0.640389 0.051267 0.366791 0.990731 0.535147 0.555005 0.414025 0.647199 -0.511589 -0.850580 -0.353644 0.292710 0.744075 -0.735811 0.689843 0.619350 0.996997 -0.588442 0.999662 0.315417 -0.719146 0.404427 0.049530 -0.620954
11 -96.8041429450 0.751391 0.849891 -0.476607 0.771782 0.981305 0.030295 -0.550095 0.112654 -0.017091 0.756154 0.394687 0.266712 -0.402801 0.779198 0.181555 -0.928470 0.932435 0.037893 0.784317 -0.502554 -0.282945 0.347007 0.236756 0.241624 -0.098927 0.008187 -0.655061 -0.474644 0.173155 0.722390 -0.611477 0.615253
123 -94.7988863630 -0.495853 -0.820173 0.368032 0.497803 1.000000 -1.000000 -0.637070 -1.000000 -0.640389 0.051267 -0.031719 -0.754014 0.535147 -1.000000 -0.891404 0.594189 -0.511589 0.768298 0.848333 -0.682561 -1.000000 0.235709 -0.550760 -0.920763 0.998133 -0.745366 0.884366 -0.720138 0.043417 0.107705 -0.602811 0.710653
141 -93.7620362869 0.611564 0.435573 -0.401525 0.843081 0.962244 -0.254001 -0.735679 0.081469 -0.124104 0.756154 0.275754 -1.000000 -1.000000 0.779198 0.362920 -0.714796 1.000000 0.076701 0.840025 -0.246133 1.000000 0.139321 0.437551 0.336382 -0.067059 0.944558 0.287561 -0.419121 -0.193894 1.000000 -0.794026 0.764094
143 -26.9391944060 0.417740 -0.454557 -0.453030 -0.428573 0.807495 0.029802 -0.086413 -0.272264 -1.000000 0.252943 -0.005060 -1.000000 -0.356380 0.245687 -0.923356 0.771170 -0.988934 -0.464797 0.559136 -0.852695 -1.000000 0.795195 -0.954827 0.038864 0.594759 -0.031610 -0.421891 -0.782905 -0.176814 -0.722824 -0.929585 0.789184
243 232.4763439894 -1.000000 -0.838573 1.000000 0.731718 0.935530 -0.196725 0.265706 -0.560821 -1.000000 0.853473 -0.463134 1.000000 0.698197 0.577125 -0.436072 1.000000 1.000000 0.796547 1.000000 0.396923 -0.576729 -1.000000 0.076004 1.000000 0.170340 -0.347593 0.890071 0.649933 -1.000000 0.869736 -0.677892 0.727396
1000 -801.2736586277 -0.999392 -0.505918 0.305322 -0.380203 0.885245 0.010709 -1.000000 0.481943 -1.000000 0.300807 0.981847 -0.903229 -0.984920 -1.000000 1.000000 1.000000 1.000000 0.910963 1.000000 -0.819909 0.089077 0.455792 -0.552029 -1.000000 0.863535 1.000000 1.000000 -0.898291 0.936939 0.786294 -0.902868 1.000000
