evaluations raw_y x0 x1 x2 x3 x4 x5 x6 x7 x8 x9 x10 x11 x12 x13 x14 x15 x16 x17 x18 x19 x20 x21 x22 x23 x24 x25 x26 x27 x28 x29 x30 x31
1 -528.4393065892 0.195612 -0.128132 -0.966260 0.193375 0.789956 0.069255 -0.988089 0.804359 0.509039 -0.655792 0.460058 -0.253750 -0.635374 -0.109318 -0.426266 -0.178438 -0.113165 -0.645789 -0.480558 -0.540853 -0.191122 0.019685 -0.171947 -0.403521 -0.068903 -0.132053 -0.528253 0.274125 -0.608270 0.987533 0.661340 0.848859
2 -342.9968440996 0.195612 -0.128132 -0.966260 0.193375 0.789956 0.069255 -0.988089 0.804359 0.509039 -0.655792 0.460058 -0.253750 -0.635374 -0.109318 -0.426266 -0.178438 -0.113165 -0.645789 -0.480558 -0.540853 -0.191122 0.019685 -0.171947 -0.403521 -0.068903 -0.132053 -0.528253 0.274125 -0.608270 0.987533 0.661340 0.848859
4 -99.9535718385 0.195612 -0.128132 -0.966260 0.193375 0.789956 0.069255 -0.988089 0.804359 0.509039 -0.655792 0.460058 -0.253750 -0.635374 -0.109318 -0.426266 -0.178438 -0.113165 -0.645789 -0.480558 -0.540853 -0.191122 0.019685 -0.171947 -0.403521 -0.068903 -0.132053 -0.528253 0.274125 -0.608270 0.987533 0.661340 0.848859
9 12.7695668788 0.326257 -0.024690 -1.000000 0.234835 0.711983 0.226212 -0.945374 0.908667 0.579061 -0.778042 0.480086 -0.191687 -0.621236 -0.050282 -0.557933 -0.026470 -0.170431 -0.615864 -0.414582 -0.555812 -0.133964 -0.028378 -0.205218 -0.371233 -0.206138 -0.150905 -0.633612 0.210516 -0.666880 1.000000 0.669978 0.986678
209 20.1565456283 0.208668 -0.156182 -0.973859 0.260806 1.000000 -0.324196 -1.000000 0.536352 -0.064002 -0.774394 0.707989 -0.377805 -0.688398 -0.000472 -0.173072 -0.407875 -0.459291 -0.946516 -0.424142 -0.425934 -0.566951 0.141646 0.524633 -0.416487 0.062817 -0.052171 -0.552562 0.292325 -1.000000 0.909324 0.964510 0.595021
232 66.6263127755 0.141018 -0.236382 -0.883594 0.219290 1.000000 -0.043857 -0.955344 0.375559 0.150645 -0.737539 0.634521 -0.229741 -0.767971 -0.275633 -0.012077 -0.325268 -0.632585 -1.000000 -0.366073 -0.542968 -0.506836 0.093435 0.410495 -0.357750 0.175019 -0.088750 -0.787372 0.440955 -0.903408 0.926154 1.000000 0.580714
2052 73.2183476221 0.105318 -0.423960 -0.700579 0.274065 0.915706 -0.056205 -0.864400 0.505974 0.168285 -0.594135 0.904935 -0.503987 -0.916660 -0.355007 0.139149 -0.279701 -0.617719 -0.855810 -0.771180 -0.621177 -0.291847 0.250921 0.674252 -0.124535 0.024786 0.125062 -0.833661 0.245786 -1.000000 1.000000 0.808451 0.889485
4482 253.7919853066 0.764590 -0.094841 -1.000000 -0.823314 -0.000602 0.026937 -0.455853 -1.000000 0.642542 -1.000000 0.771887 -1.000000 0.067025 -0.706129 0.621171 -1.000000 -1.000000 -0.920175 -0.791031 -1.000000 0.148419 -0.130054 1.000000 0.129534 0.976507 -0.201703 -0.963545 -0.928345 -0.596974 0.877239 -0.006126 1.000000
6009 -105.2370149233 -0.738183 -1.000000 -1.000000 0.288341 0.146997 -1.000000 -0.168806 -0.569344 -1.000000 -1.000000 0.851546 -1.000000 -0.459207 0.264168 0.278830 0.074611 0.713092 -1.000000 0.334737 -0.954472 -1.000000 0.967873 0.524841 -0.237305 0.429431 0.649303 -1.000000 0.520071 -1.000000 1.000000 1.000000 0.808030
