evaluations raw_y x0 x1 x2 x3 x4 x5 x6 x7 x8 x9 x10 x11 x12 x13 x14 x15 x16 x17 x18 x19 x20 x21 x22 x23 x24 x25 x26 x27 x28 x29 x30 x31
1 -583.6612952828 -0.857468 -0.222618 0.646816 0.299992 0.941438 0.285807 -0.572010 0.966147 -0.303345 0.833607 0.219320 -0.547507 0.923499 -0.368612 -0.945717 -0.254653 0.530644 -0.115291 -0.963776 -0.654625 0.677274 0.569876 0.605601 -0.150074 0.978397 -0.337250 -0.601929 -0.377221 -0.198330 0.313161 -0.355259 -0.470941
2 -498.2550741692 -0.921087 -0.212450 0.739281 0.323936 0.728757 0.404053 -0.666536 0.952394 -0.372310 0.707250 0.182509 -0.421032 1.000000 -0.495540 -0.853848 -0.398604 0.484992 0.117649 -1.000000 -0.679844 0.736780 0.532672 0.683304 -0.320398 0.864437 -0.265941 -0.574675 -0.364504 -0.187773 0.218476 -0.308044 -0.530887
3 -326.4734316729 -0.996775 -0.171958 0.803467 0.300615 0.754132 0.430176 -0.689605 0.930005 -0.355268 0.723830 0.214446 -0.229148 1.000000 -0.626242 -1.000000 -0.382681 0.487180 0.076461 -0.947115 -0.635589 0.630172 0.481023 0.503968 -0.206680 0.849264 -0.319879 -0.649755 -0.329071 -0.136329 0.242555 -0.107076 -0.625779
233 -320.0061874742 -0.989014 -0.161272 0.808182 0.299238 0.758349 0.428425 -0.676770 0.930528 -0.370707 0.715640 0.224752 -0.237545 0.986862 -0.637863 -0.987875 -0.378680 0.502435 0.077889 -0.947339 -0.670164 0.620986 0.489470 0.506804 -0.232422 0.866250 -0.325482 -0.622464 -0.334553 -0.133589 0.253087 -0.135109 -0.621165
237 -166.9492128023 -0.990763 -0.137186 0.813771 0.299701 0.762229 0.405389 -0.702799 0.948520 -0.411975 0.714756 0.203980 -0.245527 0.983517 -0.646317 -0.966095 -0.390687 0.499438 0.105352 -0.946618 -0.672144 0.612178 0.522215 0.478407 -0.251511 0.868099 -0.321558 -0.638553 -0.350036 -0.118853 0.232660 -0.120823 -0.634067
1212 -39.3103457838 -0.990769 -0.137194 0.813767 0.299703 0.762219 0.405388 -0.702801 0.948516 -0.411975 0.714759 0.203978 -0.245526 0.983516 -0.646323 -0.966103 -0.390684 0.499438 0.105352 -0.946615 -0.672140 0.612180 0.522225 0.478417 -0.251511 0.868105 -0.321545 -0.638560 -0.350029 -0.118852 0.232669 -0.120831 -0.634062
2881 2.4536126704 -0.990769 -0.137194 0.813767 0.299703 0.762219 0.405388 -0.702801 0.948516 -0.411975 0.714759 0.203978 -0.245526 0.983516 -0.646323 -0.966103 -0.390684 0.499438 0.105352 -0.946615 -0.672140 0.612180 0.522225 0.478417 -0.251511 0.868105 -0.321545 -0.638560 -0.350029 -0.118852 0.232669 -0.120831 -0.634062
4901 20.3232321790 -0.990769 -0.137194 0.813767 0.299703 0.762219 0.405388 -0.702801 0.948516 -0.411975 0.714759 0.203978 -0.245526 0.983516 -0.646323 -0.966103 -0.390684 0.499438 0.105352 -0.946615 -0.672140 0.612180 0.522225 0.478417 -0.251511 0.868105 -0.321545 -0.638560 -0.350029 -0.118852 0.232669 -0.120831 -0.634062
20000 -708.3822349922 -0.990769 -0.137194 0.813767 0.299703 0.762219 0.405388 -0.702801 0.948516 -0.411975 0.714759 0.203978 -0.245526 0.983516 -0.646323 -0.966103 -0.390684 0.499438 0.105352 -0.946615 -0.672140 0.612180 0.522225 0.478417 -0.251511 0.868105 -0.321545 -0.638560 -0.350029 -0.118852 0.232669 -0.120831 -0.634062
