evaluations raw_y x0 x1 x2 x3 x4 x5 x6 x7 x8 x9 x10 x11 x12 x13 x14 x15 x16 x17 x18 x19 x20 x21 x22 x23 x24 x25 x26 x27 x28 x29 x30 x31
1 -122.8830856758 -0.922097 0.712992 0.493001 0.727856 0.119969 -0.839034 -0.536727 -0.515472 0.231000 0.214218 -0.791636 -0.148304 0.309846 0.742779 -0.123022 0.427583 -0.882276 0.818571 0.043634 0.454859 -0.007311 -0.744895 -0.368229 0.324805 -0.388758 -0.556215 -0.542859 0.685655 0.350785 -0.312753 0.591401 0.959990
55 -48.9969458490 0.942686 0.253660 0.730306 -0.643151 -0.906958 0.844305 -0.548435 0.970107 0.977366 0.521004 0.776724 -0.469608 0.590266 0.202756 0.508898 0.202649 0.806525 0.141161 -0.669006 0.206871 -0.418146 -0.867874 -0.594229 0.497748 0.920539 0.695765 -0.518728 0.582389 0.612633 -0.786253 -0.627908 -0.869577
79 -46.8269950633 0.422844 0.076003 -0.165660 0.275634 0.537419 -0.646262 -0.393416 0.865363 -0.687161 -0.140823 -0.730902 0.569872 -0.526336 0.375554 -0.753163 0.879239 -0.511591 -0.281857 0.719399 0.769041 0.940354 -0.472478 -0.529397 -0.732666 0.936655 -0.602070 0.887494 0.472077 0.723114 0.380788 -0.466315 0.059338
111 53.0167337785 -0.591359 -0.768146 0.073852 0.301689 0.991561 -0.459746 -0.176905 0.932539 0.700660 0.938167 -0.685175 -0.541650 -0.126002 0.401470 0.879685 0.858444 0.895309 -0.103931 0.819006 0.807897 0.178622 0.094339 0.413557 -0.584510 -0.145057 0.221857 0.850909 -0.633760 0.203804 -0.972329 0.657949 -0.648998
2102 69.7573509575 0.058925 -0.505543 -0.098324 0.251897 -0.020114 0.017101 0.720422 -0.050722 -0.979099 0.542026 0.961932 0.195098 -0.683683 -0.863154 -0.111517 0.986656 -0.853784 -0.228581 -0.514112 0.453545 0.926457 0.227887 -0.049133 0.851511 0.094337 0.249570 0.619068 0.793746 -0.777287 0.622567 -0.508933 -0.861721
2620 124.2201833254 -0.735830 0.578838 0.619094 0.307641 0.874719 0.360821 0.115320 -0.418539 0.962624 0.632960 -0.117640 -0.777521 0.683122 0.235002 -0.572332 0.372712 0.448076 -0.111871 0.855243 0.782702 -0.190437 -0.893630 0.367199 -0.595291 0.585572 -0.797937 0.247083 -0.911592 -0.344620 0.396934 0.857841 0.544451
4485 217.8561466585 0.148285 0.775174 -0.055232 0.951702 0.766009 0.136349 -0.484366 -0.056004 -0.266621 -0.446100 -0.583122 -0.184995 0.702891 0.604956 0.158125 0.265233 -0.384270 -0.570523 -0.171148 0.889107 0.743643 0.172171 -0.264374 0.652641 0.260911 -0.956679 -0.870905 0.751986 -0.716441 0.456056 -0.740014 0.924827
5439 276.1278398657 -0.905317 -0.026127 0.229763 -0.675620 -0.730679 -0.314112 -0.621083 -0.258661 0.819739 0.017237 0.723422 -0.205251 0.636123 -0.143760 -0.391524 -0.088994 -0.741863 0.653278 -0.380756 0.808935 0.512169 -0.571966 0.464612 0.007685 -0.370310 0.949401 -0.100208 -0.183758 0.298656 -0.370493 0.567219 0.346749
20000 -538.7596876685 -0.014143 -0.515120 0.970212 0.085015 -0.693744 0.151614 -0.909002 0.963803 0.315995 -0.634210 -0.918043 -0.686381 0.849132 -0.111459 -0.844643 -0.656857 -0.573545 0.600548 0.778646 -0.747845 -0.811403 -0.139996 0.961260 0.871705 0.968984 0.519629 -0.365129 0.410834 0.088635 0.214060 -0.052811 0.950009
