evaluations raw_y x0 x1 x2 x3 x4 x5 x6 x7 x8 x9 x10 x11 x12 x13 x14 x15 x16 x17 x18 x19 x20 x21 x22 x23 x24 x25 x26 x27 x28 x29 x30 x31
1 -711.4539380981 0.130810 0.038619 -0.869048 -0.003868 0.035110 -0.341176 0.838325 -0.049344 0.491772 -0.297371 -0.160843 -0.635980 -0.991267 -0.932468 0.861808 0.172458 0.112801 0.812624 0.973893 -0.444284 -0.110120 -0.104992 0.693619 -0.645703 0.348796 -0.729019 -0.703859 -0.833678 -0.290884 -0.907967 -0.822878 -0.322303
3 -690.8149806067 0.107085 0.193869 -0.840955 -0.000762 -0.075038 -0.253107 0.749599 -0.051416 0.399224 -0.151014 -0.107359 -0.775548 -1.000000 -0.881921 1.000000 0.230665 0.271950 0.759625 1.000000 -0.609771 -0.086679 -0.139391 0.744235 -0.602021 0.327733 -0.570290 -0.570683 -0.832420 -0.442360 -1.000000 -0.599183 -0.289635
4 -457.8633442387 0.076379 0.075454 -0.759936 0.073179 0.035654 -0.285740 0.659050 -0.085317 0.577838 -0.138814 -0.087834 -0.726900 -1.000000 -0.822170 1.000000 0.202934 0.244076 0.692823 1.000000 -0.448650 -0.027710 -0.102503 0.678805 -0.599146 0.470890 -0.535709 -0.492285 -0.945821 -0.386914 -1.000000 -0.587060 -0.271231
8 -161.9624170316 -0.191116 0.060587 -0.658066 0.301606 0.035533 -0.309598 0.616676 -0.025104 0.687882 -0.098897 -0.001098 -0.751908 -1.000000 -0.762053 0.970198 0.108727 0.259855 0.791749 0.939905 -0.318465 -0.048604 -0.147387 0.799804 -0.632769 0.294720 -0.434878 -0.664692 -0.878705 -0.237463 -1.000000 -0.642131 -0.365442
11 -95.8224855011 -0.246974 -0.043285 -0.889898 0.285482 -0.036346 -0.359579 0.620768 -0.102440 0.538016 -0.066585 0.093390 -0.801766 -0.811652 -0.765013 0.915683 0.027478 0.152882 0.799483 1.000000 -0.134290 -0.068159 -0.328302 0.872010 -0.707722 0.397074 -0.540191 -0.531944 -0.711552 -0.201264 -0.807694 -0.685060 -0.331197
34 -54.4001218711 -0.310354 -0.030221 -0.783220 0.377529 -0.157500 -0.407879 0.680292 -0.154545 0.481335 -0.103063 0.191449 -0.902306 -0.721375 -0.700093 1.000000 0.008033 0.135207 0.938301 1.000000 -0.211328 -0.088788 -0.400034 0.888239 -0.725139 0.366732 -0.418989 -0.629308 -0.734142 -0.120130 -0.830821 -0.729192 -0.374023
181 -26.9191102775 -0.365566 -0.030693 -0.777925 0.365625 -0.110454 -0.416831 0.671827 -0.130115 0.497113 -0.103201 0.180602 -0.872291 -0.735127 -0.667217 0.970284 0.015346 0.132717 0.963080 0.994314 -0.207044 -0.114200 -0.370462 0.866915 -0.786712 0.384119 -0.426572 -0.636368 -0.718212 -0.116634 -0.853743 -0.733271 -0.366289
686 22.3919323100 -0.366214 -0.030908 -0.777978 0.365741 -0.109984 -0.416801 0.672639 -0.130307 0.497485 -0.104410 0.180400 -0.872436 -0.735185 -0.667294 0.971045 0.015111 0.133002 0.962884 0.994822 -0.207250 -0.114059 -0.371311 0.866693 -0.787545 0.384431 -0.426253 -0.635965 -0.718170 -0.117333 -0.853851 -0.732694 -0.366479
1000 -547.1576438077 -0.366251 -0.030851 -0.777971 0.365770 -0.109964 -0.416819 0.672636 -0.130292 0.497484 -0.104399 0.180410 -0.872415 -0.735179 -0.667392 0.971059 0.015144 0.133026 0.962871 0.994837 -0.207290 -0.114021 -0.371368 0.866652 -0.787595 0.384487 -0.426292 -0.635999 -0.718206 -0.117271 -0.853872 -0.732674 -0.366480
