evaluations raw_y x0 x1 x2 x3 x4 x5 x6 x7 x8 x9 x10 x11 x12 x13 x14 x15 x16 x17 x18 x19 x20 x21 x22 x23 x24 x25 x26 x27 x28 x29 x30 x31
1 -455.0048369486 0.400557 0.743871 0.437134 -0.554800 0.749072 -0.614868 0.477437 -0.142575 -0.679444 0.424738 0.295591 0.080894 0.304245 -0.731131 -0.454774 0.909798 -0.371383 -0.105922 0.648010 -0.595237 -0.035013 0.058663 0.640495 -0.309519 0.655385 -0.668325 -0.715778 0.434837 0.540978 0.130176 -0.836767 -0.335132
2 -295.7584677024 0.441567 0.616015 0.295910 -0.479639 0.876877 -0.551415 0.426931 -0.174480 -0.670558 0.417219 0.290726 0.203473 0.215934 -0.642001 -0.574318 0.613004 -0.318545 -0.097287 0.735613 -0.434278 -0.105385 0.007223 0.665469 -0.382183 0.652067 -0.682166 -0.845042 0.268897 0.687325 0.162529 -0.787512 -0.326266
3 -174.8924261069 0.359547 0.871728 0.578357 -0.629961 0.621267 -0.678321 0.527942 -0.110670 -0.688331 0.432258 0.300457 -0.041685 0.392555 -0.820260 -0.335230 1.000000 -0.424220 -0.114557 0.560407 -0.756197 0.035359 0.110103 0.615522 -0.236856 0.658703 -0.654483 -0.586514 0.600776 0.394631 0.097823 -0.886022 -0.343998
4 1.9782151129 0.448677 0.682640 0.169385 -0.402351 0.920054 -0.689100 0.481836 -0.016204 -0.752541 0.502573 0.207757 0.186287 0.202947 -0.470845 -0.543039 0.685841 -0.324426 -0.157911 0.679703 -0.328521 -0.084574 -0.088725 0.682404 -0.338948 0.618105 -0.747683 -0.845725 0.215869 0.563380 0.132572 -0.681203 -0.288930
16 157.6472571267 0.388092 0.740690 0.266492 -0.386531 1.000000 -0.527494 0.496626 -0.072365 -0.696904 0.558894 0.045137 0.075698 0.163430 -0.593303 -0.344966 0.530712 -0.377225 -0.102232 0.673084 -0.274373 -0.060274 0.005332 0.669029 -0.334771 0.608486 -0.746410 -0.775651 0.006365 0.623625 0.208748 -0.614161 -0.307721
68 224.6964503494 0.498484 0.753249 0.292836 -0.505269 0.975009 -0.618434 0.540183 -0.098398 -0.582226 0.588797 -0.022689 0.023194 0.222269 -0.631920 -0.308166 0.542290 -0.378725 -0.137907 0.805090 -0.213855 -0.112212 0.054738 0.709460 -0.267389 0.590788 -0.768049 -0.794861 0.058090 0.575836 0.379173 -0.647174 -0.346493
167 281.7616978534 0.524071 0.829872 0.278269 -0.537076 1.000000 -0.525102 0.488091 -0.155835 -0.529961 0.678587 -0.031027 0.009391 0.194302 -0.625870 -0.337638 0.535983 -0.436694 -0.141475 0.860830 -0.190805 -0.088920 0.135606 0.715362 -0.263585 0.590829 -0.776547 -0.780434 0.053430 0.598396 0.342633 -0.660201 -0.330204
437 285.7281129293 0.426931 0.775226 0.290037 -0.588464 0.973230 -0.493227 0.494635 -0.171104 -0.495918 0.652381 -0.040613 0.042806 0.232501 -0.579945 -0.372093 0.547146 -0.324095 -0.129640 0.862309 -0.213650 -0.110552 0.188045 0.718094 -0.307561 0.523468 -0.766114 -0.859214 0.193196 0.570554 0.342176 -0.670261 -0.241682
1999 -331.1037954608 0.379629 0.823926 0.270320 -0.641359 1.000000 -0.547642 0.460403 -0.220083 -0.458999 0.739492 -0.048856 0.066235 0.179270 -0.574173 -0.332805 0.548595 -0.345018 -0.120646 0.894727 -0.175697 -0.118997 0.132977 0.698273 -0.273698 0.545675 -0.714934 -0.804089 0.213114 0.552950 0.346192 -0.653977 -0.228783
