evaluations raw_y x0 x1 x2 x3 x4 x5 x6 x7 x8 x9 x10 x11 x12 x13 x14 x15 x16 x17 x18 x19 x20 x21 x22 x23 x24 x25 x26 x27 x28 x29 x30 x31
1 -531.7589240450 -0.917920 -0.180461 0.177428 0.799867 -0.757770 -0.659603 0.880336 0.190608 -0.328641 -0.116611 -0.008338 -0.824202 -0.451671 0.320091 -0.839342 -0.922694 0.350214 -0.625311 0.878652 0.742475 -0.283403 0.135677 0.758526 -0.095057 0.410129 0.592359 0.887545 -0.392372 0.819041 0.000013 -0.922389 -0.465666
3 -510.8978899751 -0.861046 -0.038921 0.020174 -0.262896 -0.131226 -0.444603 -0.369637 0.227856 -0.202306 -0.404834 0.348305 0.075237 0.900082 -0.062599 -0.492392 -0.611746 0.806317 -0.300234 0.353002 -0.019008 0.412017 -0.385406 -0.806899 -0.479280 -0.361986 0.414418 -0.469046 -0.269532 -0.468035 0.155408 -0.112522 0.499287
4 -479.0190879733 -0.835624 -0.657256 -0.724238 -0.099800 -0.134528 0.463735 0.609534 0.811419 0.881683 -0.837056 0.115300 0.823875 -0.951774 0.425609 -0.128394 -0.332974 0.596729 -0.041246 0.628985 -0.342061 0.163207 0.254560 -0.381776 -0.760279 0.279151 0.577015 -0.960136 0.016739 0.376204 -0.033678 0.833369 -0.177224
7 -158.6443631860 0.865693 -0.119403 0.571787 0.112261 0.868041 -0.190386 0.808386 0.475937 0.048611 -0.440875 0.331511 -0.248549 -0.706032 -0.189582 -0.654638 0.323377 -0.476523 -0.826984 -0.346929 0.291827 0.723020 0.504840 0.432266 -0.040010 -0.750346 -0.042021 0.812072 0.164616 -0.878320 0.042729 -0.797463 -0.582205
8 -93.1228514751 0.185044 -0.917828 -0.979027 -0.722447 -0.031839 -0.366936 -0.221327 0.123342 0.069973 -0.463460 -0.593956 -0.969107 -0.090200 -0.731269 -0.565647 0.021656 0.832077 -0.876911 0.236431 -0.680398 0.774539 0.385301 0.595346 0.903254 0.131812 -0.193004 -0.612011 0.582654 -0.985097 0.797822 0.375764 0.556169
21 -87.2208640249 0.886516 0.246531 0.137986 0.446179 -0.426908 -0.513634 0.674051 -0.702984 0.780838 0.633327 -0.965662 -0.638819 -0.474899 0.694346 0.807287 0.674129 0.341066 -0.395861 0.317597 -0.533208 0.755891 0.080713 0.854668 -0.192244 0.680030 -0.639451 -0.763995 0.435404 0.087523 0.580285 -0.225720 0.671639
35 -75.2368016692 -0.039320 -0.243697 0.812970 -0.361107 -0.390554 0.423756 -0.787303 0.581132 -0.505802 0.392449 0.105351 -0.245420 0.066252 0.563568 -0.396070 0.913434 0.908156 -0.973928 0.022968 -0.378226 0.636019 -0.723156 0.350402 -0.479245 -0.350401 -0.657233 0.848191 -0.682612 -0.374130 -0.881727 0.393397 -0.363118
66 -13.4926572253 -0.009475 0.826041 0.356617 -0.308160 0.494679 -0.675113 0.157602 0.254892 0.091514 0.960981 0.221889 -0.059450 -0.584594 -0.441419 -0.715582 -0.638020 0.593952 -0.036065 -0.826883 0.805299 0.336940 0.304932 -0.802001 -0.789901 0.330237 -0.600699 0.823985 -0.043160 -0.221041 0.194621 -0.778207 0.976159
92 -1.3426588290 0.979293 -0.039175 0.437906 0.713557 -0.098218 -0.735013 -0.972858 -0.280127 0.789363 0.934127 -0.317980 0.682400 -0.754880 0.124879 -0.175017 0.537371 -0.888961 0.974061 -0.999305 0.102094 0.074530 0.826339 -0.122256 -0.448235 0.972378 -0.872762 -0.408874 0.330016 -0.450574 0.243283 0.446442 -0.315367
258 2.4955831177 0.231165 -0.766984 0.028071 -0.690177 0.610348 0.538256 0.728350 0.290175 0.221343 0.141008 -0.168798 -0.416253 -0.129047 0.978073 0.897805 -0.559957 -0.111756 -0.035498 0.405318 -0.306937 0.704175 -0.304625 0.308625 0.648869 0.948986 0.315795 0.708081 -0.470660 0.186657 -0.958172 0.739974 0.067190
483 2.8019275439 -0.878273 0.516484 -0.503873 0.420678 -0.089531 -0.961740 -0.393378 -0.952377 -0.126854 0.258517 0.515195 -0.642312 0.014891 -0.646620 -0.254080 0.657311 -0.643186 0.549685 0.323218 -0.242906 -0.805587 -0.308297 0.958347 0.844947 0.943119 -0.414431 -0.082557 -0.264727 -0.431612 0.493296 0.557249 0.902249
634 17.4622717491 0.527994 -0.284562 0.834311 0.137340 0.440847 -0.124797 -0.419789 -0.415738 -0.818189 0.159373 -0.976264 -0.608014 0.522764 0.062330 -0.057292 0.741650 0.383320 0.892565 -0.718963 -0.760333 0.938047 0.309072 0.261753 0.048862 -0.492138 -0.738651 0.022891 -0.094394 0.434498 -0.326478 0.511056 0.327494
1033 23.8968710645 0.923437 -0.262433 -0.975011 -0.002943 0.448352 0.330764 0.377215 -0.317526 0.753121 -0.814828 -0.495685 -0.014205 -0.363952 -0.036676 0.587692 0.604742 -0.218250 0.284508 -0.317178 0.927070 0.352253 0.290782 -0.966606 0.427525 -0.192334 0.488340 -0.466248 0.110911 0.117772 0.762087 0.972152 0.120593
1114 30.6334553359 0.715914 0.809746 0.451158 0.916429 0.110107 0.664487 -0.911217 -0.974764 -0.679317 0.714470 0.392937 0.942845 -0.458730 0.198820 0.301818 -0.710717 -0.306148 -0.089144 -0.188020 -0.275379 -0.823008 -0.290712 0.605805 -0.304708 0.098648 -0.809212 0.127159 -0.348203 0.947045 -0.511585 -0.544011 0.185078
1342 67.7533499713 -0.467582 0.689179 0.668062 -0.127262 0.306829 -0.849280 -0.003800 -0.266896 -0.901323 -0.259850 -0.852409 0.802785 0.790534 -0.797295 0.758946 -0.292125 0.481735 -0.970324 -0.567843 -0.723326 0.937300 -0.779399 0.100943 0.865557 -0.911632 -0.794655 -0.301743 0.348121 -0.770066 -0.539750 0.304013 -0.593891
1469 246.4607616002 0.349340 -0.104372 0.862049 0.175199 0.415534 0.262212 -0.659873 -0.638457 -0.626100 -0.321213 -0.686232 -0.441798 0.046855 -0.055524 -0.819240 -0.712363 0.603799 0.256664 -0.572674 0.935044 -0.881840 -0.522209 0.367916 0.718530 -0.204473 -0.527117 -0.889468 0.512485 0.563080 -0.807486 -0.747272 -0.230458
7282 247.1607938535 0.815728 -0.184616 -0.988364 0.185979 -0.007285 -0.166672 -0.868008 -0.551316 -0.143741 0.024881 0.071140 -0.819202 0.698978 0.412771 -0.658983 -0.182436 0.597831 -0.715067 -0.131645 0.725549 0.770147 0.229011 -0.580345 0.221559 0.733967 0.078356 0.087458 -0.619386 -0.853478 -0.805343 -0.763255 -0.278177
20000 -112.5867603309 -0.648590 -0.107090 -0.746038 -0.461150 0.690742 0.450332 -0.289303 -0.160760 -0.505824 0.232559 0.399932 -0.720157 -0.440074 0.309458 0.789374 -0.389355 0.968965 0.713135 0.512261 -0.564120 -0.747781 0.517944 -0.817758 -0.386649 -0.973533 0.651229 -0.800111 -0.838731 0.553186 -0.445400 -0.180975 0.440718
