evaluations raw_y x0 x1 x2 x3 x4 x5 x6 x7 x8 x9 x10 x11 x12 x13 x14 x15 x16 x17 x18 x19 x20 x21 x22 x23 x24 x25 x26 x27 x28 x29 x30 x31
1 -202.1521028338 0.205646 0.559285 0.949881 -0.359318 -0.639911 0.294483 -0.366497 0.063409 -0.724704 0.212423 -0.860018 0.191550 -0.987901 -0.026080 -0.060440 -0.392990 0.608947 -0.805567 0.414473 0.123088 0.374636 -0.202302 0.145736 -0.961233 0.382690 0.252001 0.180537 0.208837 -0.672607 -0.542297 -0.014766 -0.360468
17 -151.2295344119 0.453063 0.530037 1.000000 -0.534614 -0.702038 0.339161 -0.358504 0.116874 -0.788031 0.243495 -0.783814 0.299525 -1.000000 -0.000632 0.007908 -0.451216 0.746071 -0.794646 0.395930 0.112442 0.361453 -0.284756 0.039767 -0.997176 0.265649 0.222854 0.195284 0.309587 -0.759108 -0.655255 -0.126828 -0.227883
27 27.8718932852 0.533499 0.409532 1.000000 -0.476754 -0.736191 0.276947 -0.496509 0.109898 -0.772691 0.127237 -0.739854 0.286571 -1.000000 -0.022625 -0.047780 -0.406605 0.755258 -0.825814 0.298881 0.188702 0.338927 -0.261587 0.135897 -0.994927 0.331186 0.215140 0.127676 0.247527 -0.736015 -0.751454 -0.214632 -0.134579
55 31.5071527231 0.635781 0.344827 0.983289 -0.525993 -0.679706 0.295030 -0.454247 0.077658 -0.837803 0.063838 -0.808399 0.294584 -1.000000 0.057395 0.095564 -0.481761 0.661267 -0.800692 0.339949 0.167323 0.366811 -0.119990 -0.010697 -1.000000 0.454912 0.223242 0.130042 0.164984 -0.589691 -0.799283 -0.269951 -0.101163
369 41.3855150816 0.657020 0.348627 0.983818 -0.525753 -0.674917 0.293003 -0.453401 0.077589 -0.835735 0.055798 -0.803113 0.300912 -1.000000 0.056056 0.085396 -0.489506 0.658044 -0.792054 0.332974 0.168692 0.365893 -0.122240 -0.018897 -0.993636 0.454275 0.230242 0.129889 0.157728 -0.589336 -0.802787 -0.268853 -0.095099
2260 43.0121449263 0.657020 0.348627 0.983818 -0.525753 -0.674917 0.293003 -0.453401 0.077589 -0.835735 0.055798 -0.803113 0.300912 -1.000000 0.056056 0.085396 -0.489506 0.658044 -0.792054 0.332974 0.168692 0.365893 -0.122240 -0.018897 -0.993636 0.454275 0.230242 0.129889 0.157728 -0.589336 -0.802787 -0.268853 -0.095099
4209 57.4751291253 0.657020 0.348627 0.983818 -0.525753 -0.674917 0.293003 -0.453401 0.077589 -0.835735 0.055798 -0.803113 0.300912 -1.000000 0.056056 0.085396 -0.489506 0.658044 -0.792054 0.332974 0.168692 0.365893 -0.122240 -0.018897 -0.993636 0.454275 0.230242 0.129889 0.157728 -0.589336 -0.802787 -0.268853 -0.095099
4513 68.5704301450 0.657020 0.348627 0.983818 -0.525753 -0.674917 0.293003 -0.453401 0.077589 -0.835735 0.055798 -0.803113 0.300912 -1.000000 0.056056 0.085396 -0.489506 0.658044 -0.792054 0.332974 0.168692 0.365893 -0.122240 -0.018897 -0.993636 0.454275 0.230242 0.129889 0.157728 -0.589336 -0.802787 -0.268853 -0.095099
20000 -251.5095748568 0.657020 0.348627 0.983818 -0.525753 -0.674917 0.293003 -0.453401 0.077589 -0.835735 0.055798 -0.803113 0.300912 -1.000000 0.056056 0.085396 -0.489506 0.658044 -0.792054 0.332974 0.168692 0.365893 -0.122240 -0.018897 -0.993636 0.454275 0.230242 0.129889 0.157728 -0.589336 -0.802787 -0.268853 -0.095099
