evaluations raw_y x0 x1 x2 x3 x4 x5 x6 x7 x8 x9 x10 x11 x12 x13 x14 x15 x16 x17 x18 x19 x20 x21 x22 x23 x24 x25 x26 x27 x28 x29 x30 x31
1 -384.7922743925 -0.726393 0.961405 -0.352651 -0.616831 -0.957985 0.738251 -0.229442 -0.301669 -0.401448 -0.176988 0.035310 -0.248273 0.731235 -0.751996 -0.520240 0.141734 0.190872 0.423504 0.517459 0.477292 -0.645496 -0.356895 -0.798014 -0.273988 -0.060309 0.722704 0.059648 -0.822663 -0.145044 0.934283 -0.382613 -0.346840
3 -94.9555508755 0.420263 -0.876996 -0.096938 -0.668814 -0.339844 -0.033013 -0.414298 0.903620 -0.640389 0.051267 0.366791 0.990731 0.535147 0.555005 0.414025 0.647199 -0.511589 -0.850580 -0.353644 0.292710 0.744075 -0.735811 0.689843 0.619350 0.996997 -0.588442 0.999662 0.315417 -0.719146 0.404427 0.049530 -0.620954
63 -74.5651477004 -1.000000 -0.876996 -0.331030 0.490733 1.000000 -0.504081 0.708469 -1.000000 -0.618840 -1.000000 0.366791 -1.000000 -0.544771 1.000000 -0.838921 -1.000000 1.000000 0.973704 0.317721 1.000000 -0.426655 -0.650906 1.000000 0.586652 0.921510 -1.000000 -0.682857 0.154304 -1.000000 1.000000 0.288670 0.066274
67 -65.2244764034 -0.287232 -1.000000 -0.131108 0.389649 1.000000 -1.000000 1.000000 -0.423284 0.021493 1.000000 -1.000000 -0.934311 0.548409 -0.496080 -0.136007 0.456415 -0.606399 0.549421 -0.584686 -0.804121 -0.897643 -0.630322 -0.811302 1.000000 0.314848 0.001745 -1.000000 0.467283 -0.455718 -0.761629 0.564691 0.113000
91 129.8714165331 -1.000000 -1.000000 -0.616516 -0.546242 0.772630 -1.000000 0.311473 -0.526952 -0.553502 0.288041 -0.541645 -1.000000 0.400582 -0.995631 -1.000000 -0.518485 0.711770 -0.858821 0.138496 -0.149563 -0.789013 0.137417 -0.122964 0.878822 -0.497202 -0.087597 -0.313731 0.113801 0.288631 -0.013757 0.920726 0.609146
399 238.8234059727 -1.000000 -1.000000 1.000000 0.935241 0.818104 -1.000000 -0.824702 -0.253817 -0.169665 0.211950 0.133368 -1.000000 0.260267 0.025629 -1.000000 -0.429158 -0.063922 0.644741 0.384935 -0.417989 0.335331 -0.332463 -1.000000 0.406115 -1.000000 0.001837 0.510908 0.821937 -1.000000 1.000000 0.134360 -0.387026
1054 286.4873199388 -1.000000 -1.000000 -0.730413 0.230275 1.000000 -1.000000 -0.373093 -1.000000 -0.227596 -1.000000 0.330670 -0.310457 -0.065174 -0.562735 -1.000000 1.000000 1.000000 -1.000000 -1.000000 -1.000000 0.928879 0.101058 1.000000 0.503058 -1.000000 -0.375271 -0.321363 -0.209219 1.000000 0.193311 -0.681145 -0.183700
9677 301.2563159987 -0.185306 -0.988618 0.443734 0.902283 0.598362 0.606051 -0.540605 0.945148 0.677401 -0.576231 -0.678156 -0.414160 0.914897 0.268720 -0.944630 0.381715 1.000000 -0.988783 0.805349 1.000000 0.134615 -0.435382 1.000000 -0.416644 0.865049 -0.574968 0.035878 -1.000000 1.000000 -1.000000 -0.685899 -0.880570
20000 -50.8962347243 -1.000000 -0.804205 -1.000000 1.000000 1.000000 0.341624 -0.858800 0.406996 -1.000000 -0.103447 -0.244525 0.477391 0.114268 0.859347 -0.675254 0.740545 -0.171229 -0.402343 -1.000000 1.000000 1.000000 -0.027609 -1.000000 1.000000 0.310348 -0.812755 1.000000 -0.158577 -1.000000 -1.000000 -1.000000 1.000000
