evaluations raw_y x0 x1 x2 x3 x4 x5 x6 x7 x8 x9 x10 x11 x12 x13 x14 x15 x16 x17 x18 x19 x20 x21 x22 x23 x24 x25 x26 x27 x28 x29 x30 x31
1 -339.9485185769 -0.742023 -0.077688 -0.167692 0.205448 -0.633864 -0.164175 -0.731823 0.313236 0.613465 -0.723716 -0.299231 0.229032 0.102561 0.384949 -0.909480 -0.294898 -0.916217 -0.699031 -0.323329 -0.673445 0.521949 -0.306796 -0.476018 -0.628623 0.808028 -0.585043 -0.307429 -0.234868 -0.897584 0.741743 0.320785 0.709132
10 -137.1671989426 -0.759290 0.003963 0.333512 0.274331 0.284225 0.108992 -0.072360 0.421666 0.778074 -0.418525 -0.082178 0.316198 -0.881106 0.525714 -0.461855 0.216712 0.779531 0.662279 0.262508 0.877733 0.568056 0.342805 -0.463299 -0.378632 0.381052 0.994440 -0.720164 -0.687681 -0.088427 0.999846 0.998652 0.738574
19 -135.2642961572 -0.637152 -0.990876 -0.581622 0.906253 -0.565326 -0.840174 -0.500724 -0.529529 -0.860128 -0.203709 0.221287 -0.810255 -0.970717 -0.809003 -0.210660 -0.950511 0.521944 -0.896273 0.414167 -0.523500 0.992621 0.162360 -0.198563 -0.532660 -0.955963 0.704312 -0.995315 0.331659 -0.676430 -0.889461 0.822229 0.968014
22 -81.2043586086 -0.945809 0.042382 -0.576288 0.687696 0.059443 -0.167789 -0.649031 -0.813299 -0.509150 -0.479009 0.666674 -0.152566 -0.730262 0.573191 -0.898627 -0.363660 0.107877 0.023466 0.974140 -0.504488 0.273655 -0.291933 -0.567463 0.195991 -0.094549 0.811135 0.419655 -0.507733 -0.383353 -0.009879 -0.828010 0.108717
45 40.4571613356 -1.000000 0.258230 0.178328 1.000000 0.580746 0.187509 -0.423811 -0.197193 0.436750 -0.691507 -0.272986 1.000000 -1.000000 0.940219 -0.111384 0.602925 0.875177 0.966790 0.229125 0.464273 1.000000 -0.192616 0.691936 0.185499 -0.162549 1.000000 0.694873 -0.430779 0.334454 0.357159 -0.010344 1.000000
99 40.6147157677 -1.000000 0.104007 0.918138 1.000000 1.000000 1.000000 0.492182 -0.865539 1.000000 -1.000000 0.302527 1.000000 -1.000000 1.000000 0.823011 1.000000 -0.449406 1.000000 0.122231 1.000000 1.000000 -0.111906 0.479391 -1.000000 -0.129189 1.000000 0.537714 -1.000000 0.719366 0.620602 1.000000 0.858564
740 43.7501926083 0.683370 0.587255 1.000000 1.000000 1.000000 -0.700236 0.000936 -0.943190 0.746823 -1.000000 0.600000 1.000000 -0.003633 0.203247 1.000000 0.249035 -0.678563 0.395397 0.296549 -0.478493 -0.447373 1.000000 0.217719 -1.000000 -0.752179 -0.050852 1.000000 -0.870724 -0.397181 0.282318 1.000000 -1.000000
841 169.0364447371 0.059067 -1.000000 -1.000000 0.942454 -1.000000 1.000000 -1.000000 -0.703053 0.737606 1.000000 -1.000000 -1.000000 1.000000 0.120435 -0.288264 0.444722 -1.000000 -1.000000 -0.670485 1.000000 1.000000 -1.000000 -1.000000 1.000000 0.343658 -0.118028 -0.700582 1.000000 -0.493959 -1.000000 -1.000000 -0.111166
1000 -814.9510283123 -0.513551 -0.162383 0.918138 -0.061940 0.420018 1.000000 1.000000 -1.000000 0.664969 0.562118 1.000000 1.000000 -1.000000 0.541171 0.623605 0.355485 -0.480592 1.000000 1.000000 0.602467 0.888093 -1.000000 1.000000 -0.126486 -0.531809 0.822258 0.537714 -1.000000 -1.000000 -0.952040 0.765644 0.142085
