evaluations raw_y x0 x1 x2 x3 x4 x5 x6 x7 x8 x9 x10 x11 x12 x13 x14 x15 x16 x17 x18 x19 x20 x21 x22 x23 x24 x25 x26 x27 x28 x29 x30 x31
1 -139.7305244899 0.295382 0.993827 0.037607 0.316225 0.198127 0.506135 -0.727506 -0.991766 -0.700982 0.396878 0.186705 0.799831 -0.111085 -0.366430 0.846164 -0.068276 0.596729 -0.601683 0.629038 -0.713051 0.366970 -0.886768 0.567351 0.473134 0.540889 -0.626649 -0.900049 0.779962 -0.652654 0.546359 -0.433121 0.311934
4 -133.2668596106 -0.553875 0.975089 -0.079907 0.989358 0.767374 -0.060496 0.254292 0.045104 -0.282076 0.579302 0.848974 0.797698 0.278335 0.162929 -0.560477 0.303354 0.198271 0.391598 -0.658803 -0.130165 0.900495 -0.468736 -0.015681 -0.026925 0.843120 0.750054 -0.382277 0.466181 0.354482 0.893707 0.142826 0.549417
7 -116.1220818161 0.602276 -0.770246 -0.408960 0.564725 0.958626 -0.666797 0.772730 0.148106 0.085777 0.816828 0.851504 0.794210 -0.156045 -0.053068 -0.507082 0.331179 -0.805525 0.170329 0.522710 0.179941 -0.926859 0.808699 0.738976 -0.369603 0.473095 -0.104919 -0.564553 -0.437245 -0.793601 0.045577 0.803852 0.828908
18 -58.4806835149 -0.676917 -0.940342 0.654448 0.734493 -0.019671 -0.765255 -0.701053 -0.856812 0.807698 0.398090 0.267006 -0.826547 -0.266586 0.192538 -0.897241 -0.286300 -0.689503 -0.051632 -0.054570 0.471312 0.455142 -0.815691 -0.316173 0.160888 0.875374 -0.475203 0.252396 0.435029 0.826675 -0.675489 0.516427 -0.098658
54 12.1818800567 -0.258244 0.329077 0.966184 -0.455027 0.239834 -0.948413 -0.199984 -0.188860 -0.354187 -0.995291 -0.176082 -0.941108 -0.472619 0.872965 0.963900 -0.829916 0.808756 -0.827357 -0.260857 0.095417 -0.564360 0.897950 -0.994943 0.313917 0.177937 -0.923794 -0.118970 0.680106 0.185538 0.445399 0.886092 -0.385830
253 13.7968086102 -0.067013 0.586667 -0.235850 -0.403583 0.531269 -0.016224 -0.129511 -0.997970 -0.897377 0.039358 -0.432425 0.780764 -0.211682 0.742762 -0.641587 -0.215124 0.728356 0.746061 -0.122409 0.342227 0.169499 0.999747 0.416312 0.204137 -0.688880 -0.976564 -0.787078 0.926013 0.733623 -0.005725 0.695938 0.766392
406 25.9437064264 0.509658 0.101134 0.848079 -0.004742 0.804017 -0.205623 -0.154239 0.367413 0.921517 0.407541 0.551985 -0.242690 0.073712 -0.245481 -0.420412 -0.296383 0.874543 -0.937283 -0.550533 0.580664 -0.271308 0.213719 0.425492 0.095900 -0.660102 -0.002270 -0.086838 0.799106 0.596168 -0.104480 -0.689762 0.464140
578 192.8792713100 -0.599674 0.208006 -0.587587 -0.652884 -0.998049 0.123843 -0.158793 0.011801 -0.523475 0.304075 -0.557500 -0.728719 -0.459768 0.394959 -0.943585 -0.422888 -0.896821 -0.309952 -0.041357 0.850654 0.058572 -0.564998 -0.185326 -0.010993 0.250654 -0.666827 0.239162 0.889662 0.254261 -0.651462 0.118955 0.630795
1000 -552.0630834142 0.654577 -0.682066 -0.565409 -0.442823 -0.805081 0.387505 0.574115 0.175068 0.373475 -0.424495 -0.269271 -0.004874 -0.078514 0.947655 -0.893914 -0.761727 -0.579692 -0.092053 0.288681 -0.046178 0.922217 -0.431785 0.790263 0.870265 0.676211 -0.790752 0.603864 -0.303273 0.298838 -0.264924 -0.490532 -0.429722
