evaluations raw_y x0 x1 x2 x3 x4 x5 x6 x7 x8 x9 x10 x11 x12 x13 x14 x15 x16 x17 x18 x19 x20 x21 x22 x23 x24 x25 x26 x27 x28 x29 x30 x31
1 -161.0483798190 0.318429 -0.858397 -0.059042 0.685970 -0.649837 -0.575506 -0.564232 -0.922183 0.440614 -0.111226 -0.319004 0.744745 0.189863 -0.126804 0.616934 -0.196828 -0.463643 -0.286640 0.297658 0.692912 -0.648859 -0.305725 0.358888 0.494721 -0.949408 0.686943 0.186782 0.274151 -0.814280 0.475143 0.172363 0.474509
6 -134.1929662991 -0.098921 -0.958153 -0.006204 0.504506 -0.663581 -0.088444 -0.832395 0.356116 0.417559 0.327409 0.628766 0.440017 -0.932016 -0.527965 -0.863239 0.539387 0.702272 -0.247704 0.158654 0.490609 0.865204 -0.045575 -0.995525 -0.766538 -0.083093 -0.070017 0.283292 0.573485 -0.425519 0.168232 0.022456 -0.500546
10 -128.7766832747 -0.762245 0.624310 -0.079106 0.349162 0.709487 0.586589 -0.681226 -0.904753 -0.776834 0.304379 0.232604 -0.595573 -0.910032 0.250256 0.214994 0.067553 -0.785477 -0.034586 -0.285386 -0.687177 0.131296 -0.459148 0.844047 -0.013325 0.414806 -0.402277 0.734709 0.254859 -0.268700 -0.389248 0.177164 0.575626
20 -119.9994531281 -0.663620 0.386482 -0.692622 0.741838 0.267498 -0.990818 0.012478 -0.428267 -0.576319 -0.364474 0.712283 0.099074 -0.913232 -0.693880 0.609015 -0.614473 0.163926 0.463852 -0.248789 0.103647 0.218408 0.026167 -0.393945 0.468145 0.987857 0.735853 -0.058769 0.144309 0.782972 0.673614 -0.409350 -0.206740
34 -57.7699147454 0.458958 0.849551 -0.135004 -1.000000 0.857205 0.357648 -0.741591 -0.177012 0.121524 -0.687053 -1.000000 -0.631611 0.344934 1.000000 -1.000000 0.463694 0.388263 -0.234419 0.440839 0.280175 0.996289 0.134887 1.000000 -1.000000 -1.000000 -1.000000 0.372042 -1.000000 -0.825982 -0.293277 0.165304 -0.966705
77 18.5482769555 0.107413 0.406448 -1.000000 -0.342776 0.823268 -0.304619 0.379891 0.858932 0.594821 0.443717 -0.191334 0.686932 -1.000000 -0.284574 -1.000000 0.598263 1.000000 -0.788418 -1.000000 -0.014332 1.000000 0.305444 -1.000000 -1.000000 0.547505 0.964221 0.106519 1.000000 0.332205 -0.215669 0.824047 -1.000000
197 34.9836940573 0.258277 -1.000000 -1.000000 -1.000000 0.384016 -0.474764 0.897509 -0.496515 1.000000 0.727885 -1.000000 0.671907 -0.612490 1.000000 -1.000000 0.503949 0.168695 0.189621 0.086790 -0.014332 1.000000 0.521651 -0.226261 -0.445006 -0.441273 0.657657 0.106519 0.077728 -0.512391 -0.227991 1.000000 -0.578152
258 40.0377260715 0.757739 0.763661 -0.712372 -0.544589 1.000000 -0.917858 0.219003 0.445794 -1.000000 0.196071 -0.595805 -1.000000 0.906159 0.656927 -0.055125 0.049431 -1.000000 -1.000000 0.024675 1.000000 1.000000 -1.000000 -0.737978 -1.000000 -1.000000 -1.000000 -0.720544 0.263823 0.902970 1.000000 -0.209130 0.652348
921 146.8606155926 1.000000 -0.836120 0.195037 -1.000000 0.299327 -0.309784 -1.000000 -0.723641 0.069545 0.109513 -1.000000 -0.648388 0.757033 1.000000 -1.000000 0.439850 0.368987 -1.000000 -0.737405 1.000000 0.846779 -0.026811 1.000000 -1.000000 -1.000000 -0.344177 1.000000 -1.000000 -0.670699 -1.000000 -0.847739 -0.655069
1413 150.6287567064 1.000000 0.432486 0.998655 0.712710 1.000000 -0.104609 -0.037472 0.519288 1.000000 -0.737499 1.000000 -0.422190 -0.065762 -0.527183 -0.797030 0.750474 0.435295 -0.686769 -1.000000 0.011941 0.211837 1.000000 1.000000 0.012162 -1.000000 -0.078716 1.000000 1.000000 -0.380260 0.976719 0.513739 -0.589096
1625 248.1209379623 1.000000 -0.683902 1.000000 -1.000000 0.430398 0.012530 -1.000000 -1.000000 -0.389143 -0.637043 -0.614982 -0.718710 0.748671 1.000000 -1.000000 0.185528 1.000000 -1.000000 -1.000000 0.758067 1.000000 1.000000 1.000000 0.204156 -1.000000 -0.523396 1.000000 -1.000000 -0.659429 -1.000000 -1.000000 -1.000000
2602 248.4359989285 0.603146 -0.992108 -0.241039 -1.000000 0.991022 -0.713598 -0.494511 0.487625 0.637912 -0.105269 -0.088153 -1.000000 1.000000 0.763496 -0.063735 1.000000 -0.759343 -1.000000 -0.409832 1.000000 -1.000000 0.150396 0.258594 -0.730738 -1.000000 -0.254128 -0.184094 -0.269440 -1.000000 0.889655 -0.367615 0.971200
3553 253.5175391156 -0.432274 -0.908295 0.241622 0.113093 0.360768 -0.793152 -1.000000 -0.464515 0.663087 0.786324 -0.040896 -1.000000 0.741933 -0.170256 -0.518592 0.520866 -0.822451 -0.535937 -0.505571 0.722190 -1.000000 -0.520713 0.561364 -1.000000 -0.166498 0.563724 -0.262625 -1.000000 0.115481 -0.774113 -0.141946 0.599324
3894 255.9002314073 -0.432274 -0.522414 0.241622 0.615862 0.460695 -0.908395 -0.802911 -0.263176 0.894627 0.443597 0.363694 -0.718710 0.541875 1.000000 -0.518592 0.665249 -0.656930 -0.666952 -0.505571 0.566703 -1.000000 1.000000 0.561364 -1.000000 -0.166498 0.229635 -0.332604 -1.000000 0.081423 -0.498883 0.074396 0.508218
4313 265.0058517155 1.000000 0.448378 -0.044532 0.635671 0.705465 -1.000000 -0.236826 0.220859 1.000000 -0.620166 0.155657 0.096707 -0.608670 -0.332253 -0.875581 0.464172 -1.000000 -0.990238 0.146740 0.296794 -0.724374 0.291728 -0.150458 -1.000000 -0.384678 -1.000000 -0.246566 1.000000 -0.131506 1.000000 1.000000 0.376933
4637 293.0902513713 -0.378703 -1.000000 0.356878 -1.000000 0.363540 -0.438759 -0.618936 -0.104089 1.000000 -1.000000 0.686312 -1.000000 0.009965 1.000000 -0.692256 0.949367 -0.313605 -0.380847 -1.000000 1.000000 0.262843 0.648143 0.718206 -0.719345 0.288742 0.106878 -0.297697 -1.000000 -1.000000 0.003655 -0.178573 1.000000
6944 315.5826270340 -0.288597 -1.000000 0.716057 -0.767553 0.204094 -0.403659 -1.000000 -0.545643 -0.700486 0.976224 -0.839097 -1.000000 1.000000 0.547146 -0.739582 0.328561 -0.962016 -0.566757 -0.907136 1.000000 -0.225252 -1.000000 1.000000 -0.453780 0.121664 1.000000 0.217727 -1.000000 -0.054938 -1.000000 -1.000000 1.000000
19658 321.4374664631 0.783136 -0.769463 0.858235 -0.740735 -0.086397 -0.400528 -1.000000 -0.146105 -0.464124 0.967123 -0.035203 -0.806553 0.822324 0.185907 -1.000000 0.331194 -0.032526 -0.921620 -0.743330 0.474382 0.267139 -1.000000 0.832522 -0.011070 0.198250 0.664578 0.974515 -0.198927 0.498613 -0.923778 -0.960037 0.827074
20000 -314.5234942520 -1.000000 0.504329 0.630690 -0.737232 0.642825 -0.538064 -0.558094 -0.347247 0.108323 -1.000000 -1.000000 -0.900834 0.659075 -1.000000 -1.000000 1.000000 0.762056 -1.000000 -0.839006 0.473217 -1.000000 0.593277 -0.242139 -1.000000 -0.428402 0.102621 -0.284138 0.356493 1.000000 -0.920048 1.000000 0.341207
