evaluations raw_y x0 x1 x2 x3 x4 x5 x6 x7 x8 x9 x10 x11 x12 x13 x14 x15 x16 x17 x18 x19 x20 x21 x22 x23 x24 x25 x26 x27 x28 x29 x30 x31
1 -294.8693308524 0.311362 -0.228519 0.253024 -0.775634 0.616056 -0.044226 0.253076 0.500853 0.984775 0.394826 -0.895291 -0.177992 -0.882996 0.328019 -0.129043 0.607012 -0.734911 -0.751302 0.565710 -0.013020 -0.568758 0.479133 0.343441 -0.064802 -0.706584 -0.442820 -0.832317 -0.874655 -0.695238 -0.827426 -0.894361 0.324560
2 -112.1826923191 0.283216 -0.262727 0.332754 -0.962356 0.729509 -0.092688 0.324180 0.483768 0.952844 0.480651 -0.842042 -0.206444 -0.831323 0.207910 -0.232084 0.649392 -0.695227 -0.561973 0.540400 -0.051538 -0.594548 0.444494 0.403597 -0.103926 -0.687345 -0.548089 -0.807581 -0.947888 -0.703609 -0.964167 -0.926897 0.217277
5 -76.2838866718 0.379049 -0.273486 0.324011 -1.000000 0.758795 -0.183046 0.281185 0.536468 0.800448 0.526650 -0.884118 -0.086975 -0.762522 0.041144 -0.310955 0.742900 -0.665888 -0.604080 0.439624 0.012023 -0.528038 0.372724 0.414168 -0.145574 -0.673200 -0.485251 -0.780579 -0.970112 -0.608155 -0.942136 -1.000000 0.233090
23 -58.1090915381 0.425663 -0.322132 0.286962 -0.969133 0.956352 -0.263915 0.574673 0.472972 0.889207 0.558125 -1.000000 0.014417 -0.464919 -0.156852 -0.278300 0.550958 -0.818542 -0.276238 0.409347 -0.186361 -0.532414 0.448660 0.319315 -0.199381 -0.637538 -0.423857 -0.859357 -0.815699 -0.757126 -0.978771 -1.000000 0.272446
42 -9.5868637211 0.588191 -0.027061 0.338345 -0.844129 0.957420 -0.245950 0.531761 0.540288 0.917714 0.339980 -0.992370 -0.034513 -0.318622 -0.127884 -0.415319 0.684838 -0.817847 -0.101786 0.359626 -0.009288 -0.401476 0.383743 0.399695 -0.128185 -0.649162 -0.405338 -0.574475 -0.707148 -0.988454 -0.679142 -0.876489 0.148293
84 33.4100082534 0.659929 -0.210997 0.283245 -0.858637 0.925394 -0.220295 0.441624 0.288579 0.825578 0.497922 -1.000000 -0.111859 -0.363990 -0.212618 -0.249914 0.776523 -0.885422 -0.224983 0.406403 -0.100299 -0.406467 0.343429 0.585442 -0.068442 -0.646308 -0.376542 -0.636075 -0.688271 -1.000000 -0.636068 -0.841053 0.167228
483 39.7187626203 0.627831 -0.230915 0.355885 -0.972419 0.849828 -0.193486 0.579585 0.259353 0.847782 0.479339 -1.000000 -0.188971 -0.232267 -0.333853 -0.188140 0.625587 -0.846760 -0.347700 0.277707 -0.159005 -0.335242 0.380608 0.659690 -0.040804 -0.713279 -0.421279 -0.562072 -0.722320 -1.000000 -0.503236 -0.905304 0.155103
1119 288.6375342027 0.760320 -0.310462 0.326698 -0.868381 0.694470 -0.395354 0.437494 0.231757 0.846505 0.529980 -1.000000 -0.158229 -0.247698 -0.269420 -0.225138 0.708860 -0.776464 -0.418157 0.241144 -0.140452 -0.276234 0.379489 0.533916 -0.078301 -0.649975 -0.484348 -0.492181 -0.677140 -1.000000 -0.568432 -0.913657 0.260699
1999 -133.8382684924 0.871072 -0.420081 0.068031 -1.000000 0.702429 -0.474109 0.477033 0.359896 0.638791 0.534763 -0.691152 -0.166142 -0.185502 -0.218676 -0.322159 0.753872 -0.727372 -0.392887 0.316906 0.169417 -0.110146 0.504545 0.262085 -0.276710 -0.574880 -0.563277 -0.796030 -0.684446 -1.000000 -0.838170 -0.933781 0.244796
