evaluations raw_y x0 x1 x2 x3 x4 x5 x6 x7 x8 x9 x10 x11 x12 x13 x14 x15 x16 x17 x18 x19 x20 x21 x22 x23 x24 x25 x26 x27 x28 x29 x30 x31
1 -640.8349003874 0.096500 0.594443 -0.987782 0.431322 0.067427 -0.470888 0.411810 0.052982 0.484153 0.136201 0.553358 -0.655578 -0.424989 0.031041 -0.023031 0.913774 0.568027 -0.978941 -0.353237 -0.297017 0.639236 0.391994 0.591057 -0.833079 0.945585 0.970605 0.433942 -0.655561 -0.087023 -0.250158 0.925941 -0.644850
5 -591.9073746103 -0.042282 0.615347 -1.000000 0.252915 0.058349 -0.789051 0.234576 0.239604 0.414732 0.096605 0.511244 -0.512643 -0.428238 -0.053628 -0.110910 0.907383 0.641148 -1.000000 -0.352379 -0.346640 0.765357 0.393635 0.572998 -0.907352 1.000000 0.964165 0.550701 -0.586618 -0.116481 -0.286857 0.893421 -0.521146
7 -480.4473638739 -0.182068 0.706464 -0.984601 0.203753 -0.020847 -0.781735 0.219910 0.244039 0.491648 -0.016538 0.565496 -0.320445 -0.459934 -0.048747 0.033169 1.000000 0.526646 -1.000000 -0.371176 -0.410935 0.854422 0.573036 0.407406 -0.927370 0.878504 0.851357 0.606696 -0.457470 0.150210 -0.392354 0.910870 -0.461670
8 -477.3852708517 -0.154413 0.648584 -1.000000 0.086016 -0.108945 -0.737445 0.281362 0.128452 0.508189 0.003952 0.564996 -0.638653 -0.441333 -0.018629 0.142933 1.000000 0.458947 -1.000000 -0.348023 -0.261668 0.858656 0.549582 0.388072 -1.000000 0.989090 0.901198 0.620720 -0.533755 0.254533 -0.389168 0.853992 -0.392462
10 -469.8878450722 -0.123293 0.709098 -0.963825 0.085743 -0.103987 -0.670693 0.304066 0.038207 0.427349 0.010642 0.480854 -0.674225 -0.443108 0.036097 0.320205 1.000000 0.581750 -0.964102 -0.500627 -0.229138 0.950626 0.561277 0.357962 -0.988940 1.000000 0.944304 0.630795 -0.555433 0.340062 -0.386785 0.704703 -0.311877
24 -371.4983390174 -0.136250 0.659992 -0.951049 0.042656 -0.193218 -0.563354 0.295827 0.087279 0.367504 0.004335 0.522307 -0.729793 -0.466331 0.048144 0.308427 1.000000 0.563045 -0.939020 -0.495088 -0.288735 0.963240 0.581229 0.338994 -1.000000 1.000000 0.992383 0.549177 -0.535227 0.379570 -0.391039 0.782236 -0.339743
35 -364.3268384082 -0.199941 0.687380 -1.000000 -0.068498 -0.131612 -0.470559 0.263151 0.056646 0.425385 0.026067 0.553266 -0.771004 -0.382466 0.182262 0.356376 1.000000 0.515051 -0.947220 -0.606523 -0.285639 1.000000 0.603896 0.320762 -1.000000 1.000000 0.923508 0.513889 -0.608538 0.320069 -0.383795 0.759811 -0.352213
55 -343.8880325063 -0.216183 0.740723 -0.949200 0.058469 -0.204222 -0.431438 0.305149 0.106359 0.501947 0.113603 0.450710 -0.803047 -0.511578 0.094730 0.542097 0.921687 0.575337 -0.908046 -0.634431 -0.196409 1.000000 0.634147 0.296834 -0.915518 1.000000 0.930240 0.513970 -0.716836 0.364310 -0.355955 0.682860 -0.474930
92 -321.3243588416 -0.232452 0.775199 -0.893712 -0.021450 -0.286639 -0.459088 0.355608 0.200612 0.556204 0.156737 0.342932 -0.965169 -0.572394 0.061016 0.629624 0.915653 0.435529 -0.912650 -0.762041 -0.320496 1.000000 0.750656 0.163728 -0.935617 0.937379 0.862621 0.646386 -0.755766 0.391772 -0.365797 0.659300 -0.362159
93 -125.4475998043 -0.199915 0.706247 -1.000000 0.138388 -0.121804 -0.403788 0.254691 0.012107 0.447690 0.070470 0.558489 -0.640926 -0.450763 0.128444 0.454570 0.927722 0.715144 -0.903441 -0.506821 -0.072322 0.954094 0.517639 0.429941 -0.895420 1.000000 0.997859 0.381553 -0.677905 0.336848 -0.346112 0.706420 -0.587701
189 -121.0105393665 -0.401905 0.899176 -0.877714 -0.105923 0.082265 -0.164842 0.138149 0.214884 0.517972 -0.084305 0.482001 -0.917281 -0.548992 0.050267 0.445211 0.780028 0.406332 -0.883866 -0.719982 -0.304939 0.830307 0.615800 0.002071 -1.000000 0.911183 0.992676 0.804266 -0.337336 0.210492 -0.285673 0.651284 -0.524547
239 -116.1230978460 -0.218707 0.873059 -0.744278 -0.028012 0.034199 -0.145264 0.066374 0.048280 0.617878 0.014905 0.526067 -1.000000 -0.535215 -0.040534 0.408911 0.881175 0.465370 -0.910665 -0.846897 -0.395517 0.926908 0.711663 0.067696 -0.917497 0.829207 1.000000 0.828083 -0.528098 0.138559 -0.363715 0.466129 -0.350030
241 -104.5426249210 -0.341195 0.719840 -0.862102 -0.032116 0.184176 -0.416772 0.064795 -0.069910 0.751161 -0.025331 0.698168 -1.000000 -0.358238 0.140567 0.532015 1.000000 0.578832 -0.916278 -0.731387 -0.456012 1.000000 0.661110 0.057562 -1.000000 1.000000 0.916721 0.694138 -0.453026 0.119817 -0.564949 0.538675 -0.543867
275 -88.0954910604 -0.284830 0.675201 -0.979956 0.062266 0.167903 -0.372522 0.057121 -0.132993 0.630927 -0.006598 0.578860 -1.000000 -0.492490 0.052084 0.498065 0.944531 0.570027 -0.976691 -0.801932 -0.567964 0.995974 0.563558 0.163589 -1.000000 1.000000 0.963439 0.846530 -0.474234 0.139661 -0.545644 0.655213 -0.492721
290 32.4111825599 -0.205412 0.573617 -0.945829 0.073821 0.216295 -0.284378 0.051686 -0.156379 0.744740 -0.116196 0.541709 -1.000000 -0.273728 0.126268 0.619335 0.847860 0.551397 -1.000000 -0.751467 -0.273960 1.000000 0.712178 0.171180 -0.803354 0.843030 0.851758 0.982330 -0.664298 0.258269 -0.544664 0.746541 -0.270896
1007 43.7954480342 -0.238821 0.561640 -0.927865 0.171891 0.240258 -0.294576 0.040682 -0.106397 0.766611 -0.000362 0.490657 -1.000000 -0.307295 0.257559 0.499660 0.823280 0.642852 -0.897505 -0.719525 -0.090246 1.000000 0.981591 0.286090 -0.843176 0.910035 0.913762 0.868467 -0.718205 0.177582 -0.676823 0.698711 -0.152105
1999 -485.7495612544 -0.201372 0.748236 -0.997931 0.325930 0.235257 -0.529473 0.078954 -0.071652 0.858715 0.126078 0.497002 -1.000000 -0.326141 0.309294 0.606871 0.808341 0.633612 -0.740440 -0.865470 -0.179646 1.000000 0.965052 0.474801 -0.854966 1.000000 0.680465 0.988287 -0.829133 0.219437 -0.823155 0.404395 -0.252652
