evaluations raw_y x0 x1 x2 x3 x4 x5 x6 x7 x8 x9 x10 x11 x12 x13 x14 x15 x16 x17 x18 x19 x20 x21 x22 x23 x24 x25 x26 x27 x28 x29 x30 x31
1 -537.4744254078 0.228005 0.859479 -0.490180 0.232871 -0.303968 -0.799141 0.621228 0.850429 0.029476 -0.583346 0.889636 -0.128896 0.067108 -0.105900 -0.788773 -0.559347 0.674802 0.513275 -0.954950 -0.230976 -0.430566 0.607782 -0.292593 -0.362274 -0.825576 0.904458 0.531651 0.139053 -0.797761 0.905804 -0.875903 0.043770
4 -489.3966818053 0.228005 0.859479 -0.490180 0.232871 -0.303968 -0.799141 0.621228 0.850429 0.029476 -0.583346 0.889636 -0.128896 0.067108 -0.105900 -0.788773 -0.559347 0.674802 0.513275 -0.954950 -0.230976 -0.430566 0.607782 -0.292593 -0.362274 -0.825576 0.904458 0.531651 0.139053 -0.797761 0.905804 -0.875903 0.043770
8 -475.0245822324 0.341004 0.644690 -0.434676 0.124426 -0.320154 -0.591745 0.519551 0.894946 -0.051174 -0.677851 0.838814 -0.263392 -0.017381 -0.002319 -0.752064 -0.770058 0.816574 0.557721 -0.930313 -0.230021 -0.350485 0.510198 -0.226702 -0.147235 -0.700831 1.000000 0.765794 0.227520 -0.720432 0.995584 -0.832534 0.187699
17 -464.7593855883 0.323630 0.989941 -0.662280 0.293254 -0.240256 -0.946064 0.311982 0.972003 -0.085294 -0.563015 0.939356 -0.125847 0.218599 -0.058704 -0.877321 -0.616050 0.768110 0.574868 -1.000000 -0.184573 -0.566233 0.514488 -0.305761 -0.198728 -0.949263 0.934942 0.414310 0.172961 -0.785331 0.867525 -0.832040 -0.060566
21 -449.1520264616 0.132380 0.729017 -0.318079 0.172488 -0.367681 -0.652218 0.930474 0.728856 0.144246 -0.603678 0.839916 -0.131944 -0.084384 -0.153096 -0.700225 -0.502644 0.581493 0.451682 -0.826811 -0.277379 -0.294899 0.701075 -0.279425 -0.525820 -0.701888 0.873973 0.648993 0.105145 -0.810191 0.944083 -0.919765 0.148107
30 -401.2069545579 0.357767 0.942024 -0.774504 0.371514 -0.160620 -0.950069 0.211670 0.915902 -0.089907 -0.607792 0.814109 -0.134818 0.187239 0.075536 -0.969888 -0.650317 0.765860 0.475051 -0.957804 -0.171821 -0.474286 0.414755 -0.326340 -0.138264 -0.893784 1.000000 0.329562 0.148545 -0.813788 0.900909 -0.928283 -0.015848
60 -289.0833531608 0.383408 0.886467 -0.677384 0.364023 -0.147381 -0.956816 0.052618 1.000000 -0.336104 -0.489725 0.884621 -0.359837 0.309251 0.029137 -0.697947 -0.797706 0.889858 0.710941 -0.927999 -0.263809 -0.560176 0.203386 -0.451189 -0.221396 -0.943822 1.000000 0.336096 0.009772 -0.848592 0.980691 -0.748197 -0.192008
188 -272.9893914222 0.281447 0.831408 -0.352837 0.190105 -0.339194 -0.818928 0.064330 0.937225 -0.286718 -0.370681 0.824367 -0.318084 0.044768 0.003987 -0.762418 -0.737792 0.807589 0.724871 -1.000000 -0.147245 -0.695338 0.434266 -0.254163 0.057906 -0.753030 0.923502 0.062719 -0.155091 -0.759288 1.000000 -0.988104 -0.107920
466 -269.9996125700 0.430879 0.735708 -0.680777 0.364791 -0.378268 -0.516595 0.139819 1.000000 -0.331901 -0.527084 0.983184 -0.392191 0.123309 0.150772 -0.717672 -0.723178 0.832119 0.661113 -0.888418 0.124541 -0.747783 0.407283 -0.204390 -0.069407 -0.833694 1.000000 0.101822 -0.162802 -0.705630 0.904998 -0.926100 -0.125672
783 -268.1229275887 0.250679 0.860552 -0.511750 0.385696 -0.333082 -0.689983 0.081857 0.949269 -0.516300 -0.496217 0.912703 -0.433356 0.071147 -0.034524 -0.845881 -0.695817 0.849361 0.623946 -1.000000 0.039891 -0.762359 0.347512 -0.216294 -0.035964 -0.752277 0.758924 0.217765 -0.145859 -0.814724 0.875875 -0.976329 0.027172
1086 -258.0686946574 0.436364 0.922520 -0.383093 0.437915 -0.285871 -0.893567 0.345317 0.997586 -0.413578 -0.373193 0.946408 -0.138229 0.037497 0.201843 -0.699518 -0.527369 0.866356 0.696851 -1.000000 -0.022740 -0.521576 0.411008 0.024543 0.027168 -0.821084 1.000000 0.272499 -0.137582 -0.646833 1.000000 -0.933365 -0.001658
1263 -254.5897871820 0.278141 0.957783 -0.398307 0.344002 -0.246280 -0.813925 0.356637 1.000000 -0.248924 -0.593270 0.868475 -0.410144 0.138988 0.128359 -0.661028 -0.527751 0.627895 0.703116 -0.924640 -0.142681 -0.935930 0.538143 -0.219803 -0.117804 -0.900948 0.984562 0.372382 -0.220149 -0.621578 0.891683 -0.852496 0.124571
1865 -250.0691607532 -0.253461 0.789423 0.158357 0.474074 -0.241243 -0.523551 0.055083 0.565307 0.232017 -0.396942 0.692915 -0.550776 -0.144821 0.440653 -1.000000 -0.348470 1.000000 0.993230 -0.985274 -0.087301 -0.652482 0.458173 -0.146441 -0.472981 -1.000000 0.332269 0.353673 0.273725 -0.776349 1.000000 -0.652808 0.351043
2677 -234.7651584414 -0.002927 0.726105 -0.063352 1.000000 0.037125 -1.000000 0.643782 -0.061535 -0.129366 -0.572012 0.655636 -1.000000 0.214639 0.168265 -1.000000 -1.000000 0.810059 0.448460 -0.520255 0.729961 -0.816276 0.837150 -0.263166 0.021991 -0.708065 0.132094 0.568341 0.949857 -0.504675 0.935137 -1.000000 0.382403
3452 -197.6155949904 0.786341 0.779687 0.234611 0.394335 0.701831 -1.000000 0.004394 0.459651 -1.000000 0.580727 0.188078 -0.390324 -0.213897 -0.053945 -1.000000 -0.585677 -0.125225 0.326855 -0.554107 -0.004818 -0.754305 0.817366 0.240819 -1.000000 -1.000000 0.905417 0.552686 0.083571 -0.599542 0.935637 -0.458902 0.306964
3453 -159.5753150651 0.786341 0.779687 0.234611 0.394335 0.701831 -1.000000 0.004394 0.459651 -1.000000 0.580727 0.188078 -0.390324 -0.213897 -0.053945 -1.000000 -0.585677 -0.125225 0.326855 -0.554107 -0.004818 -0.754305 0.817366 0.240819 -1.000000 -1.000000 0.905417 0.552686 0.083571 -0.599542 0.935637 -0.458902 0.306964
3459 -136.4520373022 0.246699 0.041210 -0.122970 0.895150 0.637014 -0.859718 0.154174 0.545689 -1.000000 0.615512 0.278092 -0.874372 -0.197956 0.628866 -0.114577 -0.287987 0.011640 -0.497304 -1.000000 -0.285626 -0.868138 -0.032314 0.422866 -1.000000 -0.656782 1.000000 0.195321 -0.260428 -1.000000 -0.028564 0.166106 1.000000
3463 -122.7041110257 1.000000 1.000000 0.592192 -0.106481 0.766648 -1.000000 -0.145386 0.373613 -0.696990 0.545941 0.098063 0.093724 -0.229839 -0.736755 -1.000000 -0.883367 -0.262091 1.000000 0.464540 0.275990 -0.640472 1.000000 0.058772 -0.692619 -1.000000 0.320780 0.910050 0.427571 -0.088147 1.000000 -1.000000 -0.431393
3464 45.9532349682 1.000000 1.000000 0.603756 -0.192961 0.401477 -1.000000 -0.433210 -0.104501 -1.000000 0.724726 -0.533637 0.009611 -0.449981 0.769157 -1.000000 -0.478754 0.138010 0.788433 -0.245873 -0.427435 -1.000000 1.000000 0.412192 -0.964403 -0.837629 1.000000 0.677285 0.052409 -0.352361 0.878421 -0.817673 0.140936
3472 209.6842610130 1.000000 0.127558 1.000000 -0.751702 0.255038 -1.000000 -0.646386 -0.841183 -0.202872 1.000000 -0.481985 -0.333069 0.195618 1.000000 -1.000000 -0.756642 -0.021057 0.591768 -0.314253 -0.333263 -0.679565 0.998569 1.000000 0.135437 -0.307251 1.000000 1.000000 -0.283161 0.068815 0.794745 -0.334172 -0.023665
3587 260.8859793897 0.698159 0.059518 0.052387 -0.437776 0.642318 -0.599875 -0.907987 -0.979122 -0.855313 1.000000 -0.115333 -0.556180 0.944108 0.638686 -1.000000 -0.698196 -0.357449 0.870320 -0.946546 -0.356848 -0.755370 0.496001 0.806245 0.593792 -0.409852 1.000000 0.609244 0.171104 0.346768 0.264236 -1.000000 0.074481
6009 -498.7019500551 1.000000 -1.000000 -1.000000 1.000000 -1.000000 0.533019 -0.334350 1.000000 1.000000 0.768598 -1.000000 0.634457 1.000000 1.000000 -1.000000 -1.000000 1.000000 1.000000 1.000000 1.000000 1.000000 -1.000000 0.821855 0.635875 -1.000000 1.000000 -1.000000 -1.000000 -1.000000 1.000000 1.000000 1.000000
