evaluations raw_y x0 x1 x2 x3 x4 x5 x6 x7 x8 x9 x10 x11 x12 x13 x14 x15 x16 x17 x18 x19 x20 x21 x22 x23 x24 x25 x26 x27 x28 x29 x30 x31
1 -335.5151802731 0.307179 -0.769986 0.900566 -0.035617 0.744949 -0.575335 -0.918581 -0.205611 -0.533736 0.683481 -0.585835 0.484939 -0.215692 -0.635487 0.487079 -0.860836 0.770674 0.905289 0.862287 -0.169138 -0.942037 0.964055 -0.320725 0.413374 -0.276246 -0.929788 0.710117 0.314507 0.531366 0.108174 0.770186 0.808395
2 -164.7378318963 0.268864 -0.852280 1.000000 -0.042545 0.753270 -0.608027 -0.923160 -0.236057 -0.341435 0.675616 -0.644042 0.323141 -0.128966 -0.739531 0.552121 -0.590871 0.850877 0.795597 0.844481 -0.211425 -0.975077 0.852939 -0.394925 0.670850 -0.168925 -1.000000 0.645399 0.422731 0.549033 0.024642 0.600686 0.921737
8 -119.5405651742 0.331468 -0.823121 0.945518 -0.057943 0.626738 -0.627376 -0.806616 -0.182921 -0.392995 0.671639 -0.557612 0.293437 -0.170494 -0.707654 0.519508 -0.637553 0.760951 0.683332 0.784372 -0.142732 -1.000000 0.792512 -0.359748 0.775037 -0.086314 -1.000000 0.554678 0.319756 0.606890 0.002478 0.622073 0.835766
23 -96.6755571209 0.241627 -0.750652 0.806959 -0.047620 0.757050 -0.670826 -0.912798 -0.119354 -0.299281 0.647069 -0.602568 0.207713 -0.176748 -0.709045 0.424112 -0.567410 0.533704 0.464810 0.714186 -0.270769 -0.932301 0.793981 -0.327489 0.888067 -0.264409 -1.000000 0.683983 0.346282 0.743439 -0.025089 0.591261 0.722180
25 -10.2452060723 0.244673 -0.722196 0.808078 -0.220680 0.676517 -0.663024 -0.898877 -0.089604 -0.271096 0.535160 -0.448347 0.213810 -0.311351 -0.755892 0.474642 -0.540254 0.529078 0.313351 0.566958 -0.298172 -0.952287 0.893459 -0.446562 1.000000 -0.417018 -1.000000 0.654227 0.200616 0.716774 0.053230 0.545236 0.721939
90 3.8121705857 0.249827 -0.770100 0.937769 0.044400 0.920131 -0.559888 -0.708104 0.012800 -0.203769 0.640554 -0.639216 0.448493 -0.237825 -0.608346 0.233095 -0.478493 0.413448 0.448853 0.448134 -0.283413 -1.000000 0.884984 -0.299936 0.846706 -0.332825 -1.000000 0.658344 0.164975 0.609083 -0.141209 0.584564 0.727454
132 3.8993350038 0.147637 -0.484960 0.995156 0.039194 0.966782 -0.603503 -0.521633 -0.030933 -0.075237 0.631850 -0.709619 0.552077 -0.119982 -0.481644 0.205792 -0.585848 0.453657 0.525986 0.372635 -0.237523 -0.947788 0.928616 -0.242025 0.847727 -0.408336 -1.000000 0.559486 0.273864 0.743167 0.024878 0.491493 0.694426
142 9.8875246685 0.187672 -0.508419 0.972309 0.065981 0.904210 -0.611147 -0.442637 -0.030230 0.032452 0.693703 -0.612004 0.570693 -0.071696 -0.629404 0.188620 -0.668941 0.457443 0.503939 0.346487 -0.410348 -0.788138 0.864613 -0.240201 0.875086 -0.553297 -1.000000 0.528921 0.318481 0.733891 0.138588 0.499035 0.686184
344 17.6358114160 0.222168 -0.625436 1.000000 0.093978 0.848027 -0.589334 -0.439397 -0.005672 0.195220 0.596564 -0.625993 0.624171 -0.163385 -0.633993 0.164874 -0.629817 0.477092 0.364601 0.410158 -0.428627 -0.847051 1.000000 -0.248290 0.904306 -0.520718 -0.961792 0.345217 0.311135 0.736168 0.138514 0.350241 0.733968
426 18.1074456267 0.195194 -0.593518 1.000000 0.070383 0.914010 -0.589489 -0.354637 -0.094031 0.257356 0.654921 -0.599254 0.636831 -0.177726 -0.572803 0.085598 -0.519622 0.464757 0.362663 0.339539 -0.347096 -0.782479 0.982561 -0.288752 1.000000 -0.483926 -0.828481 0.352922 0.280628 0.659010 0.163219 0.293174 0.719587
458 45.5029939620 0.072123 -0.532263 1.000000 0.028374 0.927978 -0.559290 -0.388103 -0.169156 0.476097 0.582672 -0.387455 0.741508 -0.377099 -0.689725 0.034678 -0.387935 0.449561 0.408702 0.360316 -0.437797 -0.684505 0.855064 -0.359333 0.972341 -0.394007 -0.739203 0.436463 0.257595 0.504654 0.071491 0.373745 0.811927
942 49.4978849387 -0.080733 -0.483120 1.000000 0.021246 0.923637 -0.504706 -0.311044 -0.193301 0.576522 0.519054 -0.315079 0.613737 -0.420127 -0.782351 0.033891 -0.505966 0.349601 0.662386 0.357165 -0.383417 -0.746462 0.915118 -0.278032 1.000000 -0.293095 -0.767976 0.419037 0.137493 0.651306 -0.014337 0.604149 0.713002
1976 49.5323740995 -0.134251 -0.445390 1.000000 -0.045340 0.855350 -0.379733 -0.236192 -0.341905 0.665348 0.374759 -0.204184 0.567742 -0.386076 -0.783675 0.172736 -0.426685 0.296676 0.719546 0.484922 -0.397343 -0.764481 1.000000 -0.293531 0.873234 -0.315619 -0.792753 0.583547 0.206042 0.662961 0.045726 0.653824 0.877168
2796 51.5224887018 -0.157075 -0.284320 0.972210 -0.051863 0.797459 -0.327024 -0.326292 -0.239203 0.583108 0.399146 -0.070143 0.557138 -0.432675 -0.731938 0.367980 -0.461897 0.300889 0.626294 0.525042 -0.515861 -0.759390 1.000000 -0.322108 0.872902 -0.291022 -0.699458 0.696992 0.375043 0.661388 -0.036069 0.738501 0.760907
7319 52.8844476479 -0.050467 -0.317099 0.899649 0.028446 0.731658 -0.346467 -0.278644 -0.379685 0.586153 0.376465 -0.054530 0.603907 -0.562399 -0.773700 0.376003 -0.553494 0.193868 0.602963 0.440720 -0.627997 -0.813275 0.948510 -0.350792 0.787232 -0.189338 -0.685874 0.648245 0.144440 0.660755 -0.101324 0.513315 0.969773
10179 64.7048109131 0.081908 -0.322295 0.999268 0.067631 0.745348 -0.372327 -0.290770 -0.395039 0.602145 0.444374 0.065539 0.643454 -0.423001 -0.817564 0.326370 -0.444876 0.239744 0.559560 0.513084 -0.733967 -0.810286 0.924304 -0.270411 0.869494 -0.101097 -0.817420 0.679417 0.248942 0.723259 -0.070323 0.464794 0.978719
16678 68.8626307767 0.080221 -0.328554 0.973844 -0.065004 0.798800 -0.438138 -0.232294 -0.452804 0.595895 0.379687 0.151040 0.608942 -0.420588 -0.737441 0.381073 -0.407618 0.326764 0.476507 0.412647 -0.737039 -0.808634 0.961111 -0.280309 0.901567 -0.187912 -0.910299 0.682004 0.224758 0.800084 -0.055149 0.424852 0.962387
26392 236.8207067836 0.094344 -0.310095 1.000000 -0.098536 0.856285 -0.444320 -0.158685 -0.413015 0.577511 0.406965 0.102063 0.652055 -0.429373 -0.707310 0.404524 -0.464431 0.311362 0.460344 0.400303 -0.793994 -0.814934 0.963560 -0.325812 0.941885 -0.129611 -0.890214 0.731894 0.252231 0.793108 -0.018587 0.353910 0.912843
33699 261.9036607753 0.079174 -0.353224 1.000000 -0.105592 0.881293 -0.438299 -0.214432 -0.392428 0.641431 0.399872 0.102462 0.686423 -0.471462 -0.721264 0.427159 -0.445389 0.279594 0.460070 0.359473 -0.826825 -0.828128 0.952978 -0.349910 0.969787 -0.133628 -0.868007 0.664268 0.364257 0.737386 0.020128 0.389638 0.961857
34628 277.9226285546 0.068418 -0.346519 0.962793 -0.067478 0.867315 -0.375617 -0.223814 -0.320021 0.647128 0.402602 0.115777 0.675864 -0.457165 -0.733369 0.405955 -0.489022 0.270984 0.459309 0.371039 -0.840674 -0.870858 0.984338 -0.349814 0.886857 -0.111656 -0.871272 0.731284 0.443924 0.701554 -0.031524 0.393161 0.899524
39999 -166.0936266103 0.107922 -0.267717 0.934239 -0.137885 0.913789 -0.378693 -0.194341 -0.266998 0.676362 0.396895 0.014191 0.620729 -0.468420 -0.675681 0.356355 -0.470973 0.278759 0.366672 0.251814 -0.933123 -0.881499 0.974803 -0.440053 0.837867 -0.060011 -0.916193 0.647570 0.413735 0.693898 0.018109 0.417444 0.996812
