evaluations raw_y x0 x1 x2 x3 x4 x5 x6 x7 x8 x9 x10 x11 x12 x13 x14 x15 x16 x17 x18 x19 x20 x21 x22 x23 x24 x25 x26 x27 x28 x29 x30 x31
1 -556.9350821393 -0.946541 0.585593 -0.495270 0.594532 -0.385570 0.124664 0.290608 0.016082 -0.201742 -0.480332 0.087069 -0.208842 0.595154 -0.229272 0.302077 -0.550916 -0.026675 -0.657993 -0.192770 0.304198 0.735077 -0.450206 0.675587 -0.829729 -0.701274 0.002370 0.752567 0.533195 0.577175 0.936814 0.482555 0.999201
3 -542.8026945349 -1.000000 0.457009 -0.504081 0.595043 -0.273293 0.144540 0.203363 0.013681 -0.033769 -0.526893 -0.000217 0.007809 0.625122 -0.272891 0.362525 -0.566853 0.078838 -0.698376 -0.113873 0.328273 0.850964 -0.147917 0.747578 -0.853596 -0.638152 -0.015073 0.833819 0.494036 0.626429 0.975418 0.264754 1.000000
7 -446.5269371787 -0.839056 0.436478 -0.623445 0.642365 -0.104426 0.211548 0.023893 -0.129994 -0.090327 -0.687673 0.006320 0.002393 0.588686 -0.225330 0.325584 -0.542283 -0.013634 -0.765963 -0.069373 0.292940 0.792192 -0.145325 0.814101 -0.824150 -0.623842 0.020720 0.936671 0.413141 0.656656 1.000000 0.263363 1.000000
9 -271.5489808778 -0.823479 0.494391 -0.659673 0.541523 -0.158427 0.267454 -0.070385 -0.068169 -0.026489 -0.545343 0.108682 -0.070465 0.593560 -0.353201 0.336375 -0.599204 0.139431 -0.868621 -0.008362 0.312757 0.885047 -0.168198 0.925503 -0.656334 -0.519511 0.029882 0.928964 0.501095 0.663927 1.000000 0.303408 1.000000
10 -250.7249260771 -0.950066 0.782777 -0.733012 0.440489 -0.178102 0.228245 -0.079717 -0.173600 0.033756 -0.226773 -0.014457 -0.117054 0.567990 -0.605881 0.540010 -0.634399 0.294193 -0.763795 -0.023982 0.176068 0.885084 -0.196774 0.907887 -0.670916 -0.378158 0.247774 1.000000 0.457280 0.994101 1.000000 0.246615 0.951301
13 -175.9633198713 -0.848512 0.794920 -0.877117 0.288926 -0.275046 0.067815 -0.085149 -0.161945 -0.301590 -0.172776 -0.048653 0.054758 0.649630 -0.661142 0.716795 -0.663516 0.337389 -0.844976 0.068053 0.189993 0.886237 -0.264237 0.970021 -0.625282 -0.568253 0.308539 0.958079 0.440267 1.000000 0.901012 0.344464 0.928501
15 -160.0392910735 -0.859483 0.868571 -0.928098 0.239695 -0.044430 -0.040415 -0.146288 -0.220913 -0.379905 -0.314965 -0.034107 0.172289 0.856391 -0.408777 0.703629 -0.669006 0.318795 -0.631015 0.066002 0.275484 0.878011 -0.495502 1.000000 -0.701587 -0.565410 0.377729 0.752221 0.300048 1.000000 0.917464 0.358828 1.000000
17 -93.2937317872 -0.785589 0.684299 -0.970759 0.424291 -0.059119 -0.053133 -0.039409 0.021187 -0.432192 -0.303931 -0.063111 -0.045892 0.986598 -0.543084 0.568579 -0.514127 0.564135 -0.678821 0.115432 0.179060 0.893938 -0.572380 1.000000 -0.598105 -0.728599 0.430219 0.700098 0.183143 1.000000 0.951169 0.339693 1.000000
43 -78.0174187867 -0.907278 0.552246 -1.000000 0.460852 -0.153011 -0.080387 0.272967 -0.105968 -0.327813 -0.056038 0.043127 -0.048312 0.882858 -0.679290 0.511726 -0.482034 0.357721 -0.759437 -0.117121 0.098013 0.792650 -0.404401 0.977668 -0.521176 -0.882438 0.419908 0.540578 0.261147 1.000000 0.753102 0.191030 1.000000
221 -74.9283997252 -0.848350 0.608916 -0.888555 0.521566 0.025690 -0.221042 0.226573 -0.133731 -0.435646 0.228705 0.257001 -0.158659 0.975651 -0.612435 0.508953 -0.600954 0.389514 -0.473812 -0.054561 0.007094 0.763740 -0.378409 1.000000 -0.441671 -0.748844 0.265558 0.616509 0.392465 0.916421 0.718488 0.161601 1.000000
283 -40.1685376227 -0.740292 0.464650 -0.931215 0.699020 0.341185 -0.535833 0.085563 -0.245194 -0.580475 0.388430 0.076506 -0.072961 0.775754 -0.624786 0.519200 -0.757030 0.294688 -0.422165 -0.177893 0.002246 0.748839 -0.392683 0.989888 -0.726957 -0.718826 0.518702 0.764900 0.416407 0.880611 0.829410 0.423100 1.000000
450 -34.6444515456 -0.727529 0.326182 -0.867762 0.559611 0.319438 -0.613552 0.029724 -0.117803 -0.535571 0.503270 -0.049555 -0.186565 0.903986 -0.572497 0.599195 -0.629496 0.229058 -0.448770 -0.143245 -0.069298 0.617363 -0.620620 0.878673 -0.590726 -0.640491 0.543413 0.753110 0.471135 0.908413 0.812493 0.349138 1.000000
592 -1.6273136750 -0.535348 0.264991 -0.923261 0.558018 0.367184 -0.565848 0.040906 -0.335475 -0.412767 0.467539 0.005788 -0.089950 0.933689 -0.805434 0.387806 -0.646802 0.286008 -0.404604 -0.374705 -0.101978 0.474891 -0.619579 0.948956 -0.532695 -0.513963 0.550915 0.895231 0.562895 0.691118 0.857562 0.435344 1.000000
715 13.8460679876 -0.518225 0.547039 -0.936950 0.671027 0.379465 -0.538287 -0.310841 -0.198452 -0.386453 0.436267 -0.141146 0.068497 0.997833 -0.842504 0.493673 -0.703218 0.259060 -0.437453 -0.397050 -0.145682 0.423974 -0.619094 1.000000 -0.646400 -0.609164 0.570804 0.949106 0.605890 0.789788 0.744000 0.396148 0.737544
952 21.2445241145 -0.420172 0.470433 -0.896341 0.848275 0.377217 -0.516840 -0.203118 -0.306898 -0.570196 0.581759 -0.327517 0.002809 1.000000 -0.872182 0.621730 -0.644391 0.238523 -0.527273 -0.148813 -0.110694 0.467601 -0.937221 1.000000 -0.664173 -0.405987 0.652094 1.000000 0.600745 0.932721 0.716532 0.242150 1.000000
1306 26.3597879201 -0.463243 0.408717 -0.589744 0.670834 0.566556 -0.711502 0.145232 -0.621425 -0.378280 0.403359 -0.539972 0.311428 1.000000 -0.641065 0.872395 -0.764722 0.369979 -0.703942 0.254454 -0.296690 0.677265 -0.778717 0.658186 -0.757789 -0.379882 0.706420 1.000000 0.511892 0.855703 1.000000 0.358446 1.000000
1350 46.0929820659 -0.538716 0.395841 -0.233482 0.778472 0.404437 -0.791610 -0.003027 -0.601257 -0.525094 0.787505 -0.593753 0.003912 0.944650 -0.631897 1.000000 -0.893292 0.050421 -0.965561 0.229186 -0.456317 0.580222 -0.901932 0.708931 -0.727679 -0.210025 0.783465 0.920619 0.292964 0.739254 0.789081 0.264380 0.764570
1406 57.0209959146 -0.354797 0.521748 -0.255549 1.000000 0.400088 -0.968408 -0.012706 -0.267772 -0.176335 1.000000 -0.491618 0.001193 1.000000 -0.688822 1.000000 -0.954923 -0.193266 -1.000000 0.345713 -0.565742 0.399411 -0.937246 0.789200 -0.802787 0.075565 0.975106 0.840456 0.508407 0.904965 0.439177 0.054504 0.905791
1999 -333.6492830470 -0.397851 0.561891 -0.182492 0.989004 0.244206 -1.000000 0.060028 -0.181175 -0.533682 0.741467 -0.755127 0.090417 1.000000 -0.645602 0.892617 -0.935621 -0.417089 -1.000000 0.185522 -0.567890 0.581754 -0.991422 0.927441 -0.759257 0.075285 0.945388 0.949127 0.495445 0.571739 0.227460 0.022795 1.000000
