evaluations raw_y x0 x1 x2 x3 x4 x5 x6 x7 x8 x9 x10 x11 x12 x13 x14 x15 x16 x17 x18 x19 x20 x21 x22 x23 x24 x25 x26 x27 x28 x29 x30 x31
1 -382.1567856137 0.255023 -0.721247 0.235337 0.296700 0.640205 0.732883 0.580422 -0.764755 0.701343 -0.029673 0.833095 -0.268164 0.717704 -0.896181 0.901206 -0.341982 0.397038 -0.620585 -0.199328 0.238346 0.657709 -0.622669 0.946928 -0.668540 0.965948 -0.058683 0.911132 0.667850 -0.326747 0.865932 0.100462 -0.074838
5 -84.6657142269 -0.471130 0.410612 -0.727703 0.839912 -0.250071 -0.165179 -0.818681 0.039913 -0.077940 0.608787 -0.795080 0.856460 -0.226397 0.920541 -0.264152 0.159228 -0.568302 -0.651957 0.857448 0.009590 -0.850147 0.555160 0.664848 0.910443 0.993988 0.314124 -0.019642 0.443255 0.926765 -0.700227 -0.294784 -0.490048
8 -0.9944304137 0.820837 0.244139 0.060618 -0.121338 0.607687 -0.004322 -0.859678 -0.175801 0.170115 0.144953 0.090267 -0.852233 0.857115 0.848615 0.953078 -0.127003 -0.607189 -0.913366 0.225026 -0.771031 0.616330 -0.421154 -0.923754 -0.613138 -0.539754 0.330414 0.381285 0.932724 -0.073389 0.891202 -0.979082 0.189119
315 43.3112056957 0.518642 0.200322 0.745891 0.418489 0.171332 1.000000 -0.017236 1.000000 -0.001935 1.000000 0.527267 0.518613 0.796894 0.871435 -0.207858 0.578000 0.276701 -0.102573 1.000000 -0.167927 -1.000000 -1.000000 0.459061 -0.086104 -0.716807 -1.000000 -1.000000 0.795129 -1.000000 1.000000 -0.121588 -0.272944
336 63.1927855069 -0.483381 0.792101 1.000000 -1.000000 0.817783 -0.197348 -0.474159 -1.000000 -1.000000 -0.620555 0.228538 -0.827638 -0.446641 -0.164498 0.517820 0.158750 -0.356437 -0.720280 0.262494 0.582514 0.139274 0.988457 -1.000000 -0.259275 -0.419950 0.289789 0.941732 0.873936 -0.416034 1.000000 -0.583266 1.000000
714 272.0165939443 0.344714 -1.000000 -1.000000 -0.642494 0.803156 0.512688 -0.436731 -1.000000 0.907003 0.939808 -0.943869 1.000000 0.179772 0.428641 -1.000000 1.000000 1.000000 -1.000000 -0.946815 1.000000 0.431205 0.095577 1.000000 -1.000000 1.000000 1.000000 -1.000000 -1.000000 0.684428 -1.000000 1.000000 -0.989528
4298 290.6865449339 0.477970 -1.000000 -1.000000 -0.790476 0.855665 -0.476643 -0.551958 -0.998790 0.488586 0.951846 -0.409440 0.600000 0.130392 0.542913 -1.000000 0.477274 0.599050 -0.835890 -0.947856 1.000000 0.144964 -0.123539 1.000000 -0.600000 1.000000 -0.197648 -1.000000 -1.000000 0.608587 -0.776831 0.548879 -0.936222
7524 293.0857536475 0.344714 1.000000 -0.433378 0.344315 0.160827 -0.560055 -0.436731 1.000000 0.310508 0.939808 -0.943869 1.000000 0.179772 0.428641 -0.253792 1.000000 1.000000 -1.000000 1.000000 1.000000 0.431205 -1.000000 1.000000 -1.000000 1.000000 1.000000 -0.985945 0.130645 0.154168 -1.000000 0.911747 -0.989528
10000 -53.3967844315 0.531129 -0.764881 0.251721 -0.766477 -0.610540 -0.390674 -0.895934 -0.523327 0.994910 1.000000 -0.566879 0.084610 0.959088 1.000000 -0.973553 0.952858 -1.000000 -1.000000 0.071850 1.000000 -0.891906 -0.685918 1.000000 0.627437 0.833859 1.000000 -0.224067 0.294400 0.771921 0.477542 1.000000 0.716378
